PETREL: Properties
7
i_index unit1 scale1
j_index unit1 scale1
k_index unit1 scale1
x_coord unit1 scale1
y_coord unit1 scale1
z_coord unit1 scale1
Facies_1(0.6) unit1 scale1
79 15 37 399848.40551710 85456.07044029 -1746.47033691 3.000000 
79 15 36 399848.40551710 85456.07044029 -1743.58383179 3.000000 
79 15 35 399848.40551710 85456.07044029 -1738.58383179 1.000000 
57 26 35 397653.79124441 86552.83886137 -1736.04725647 0.000000 
79 15 34 399848.40551710 85456.07044029 -1733.58383179 1.000000 
57 26 34 397653.79124441 86552.83886137 -1732.21643066 3.000000 
79 15 33 399848.40551710 85456.07044029 -1728.58383179 1.000000 
57 26 33 397653.79124441 86552.83886137 -1727.21643066 0.000000 
79 15 32 399848.40551710 85456.07044029 -1723.58383179 1.000000 
57 26 32 397653.79124441 86552.83886137 -1722.21643066 0.000000 
146 41 32 406558.88265967 88058.55273533 -1727.29988098 0.000000 
79 15 31 399848.40551710 85456.07044029 -1718.58383179 1.000000 
57 26 31 397653.79124441 86552.83886137 -1717.21643066 0.000000 
92 30 31 401143.16453362 86985.74747896 -1712.31520081 1.000000 
180 37 31 409960.19723248 87683.33725309 -1739.04187012 3.000000 
146 41 31 406558.88265967 88058.55273533 -1723.47793579 0.000000 
79 15 30 399848.40551710 85456.07044029 -1713.58383179 0.000000 
57 26 30 397653.79124441 86552.83886137 -1712.21643066 0.000000 
143 26 30 406254.82440519 86552.89446545 -1690.17990112 0.000000 
92 30 30 401143.16453362 86985.74747896 -1708.26724243 1.000000 
180 37 30 409960.19723248 87683.33725309 -1735.14627075 3.000000 
146 41 30 406558.88265967 88058.55273533 -1718.47793579 0.000000 
79 15 29 399848.40551710 85456.07044029 -1708.58383179 0.000000 
57 26 29 397653.79124441 86552.83886137 -1707.21643066 0.000000 
143 26 29 406254.82440519 86552.89446545 -1686.07824707 0.000000 
92 30 29 401143.16453362 86985.74747896 -1703.26724243 1.000000 
180 37 29 409960.19723248 87683.33725309 -1730.14627075 0.000000 
146 41 29 406558.88265967 88058.55273533 -1713.47793579 0.000000 
79 15 28 399848.40551710 85456.07044029 -1703.58383179 0.000000 
57 26 28 397653.79124441 86552.83886137 -1702.21643066 1.000000 
143 26 28 406254.82440519 86552.89446545 -1681.07824707 0.000000 
92 30 28 401143.16453362 86985.74747896 -1698.26724243 1.000000 
180 37 28 409960.19723248 87683.33725309 -1725.14627075 1.000000 
146 41 28 406558.88265967 88058.55273533 -1708.47793579 0.000000 
79 15 27 399848.40551710 85456.07044029 -1698.58383179 1.000000 
57 26 27 397653.79124441 86552.83886137 -1697.21643066 0.000000 
143 26 27 406254.82440519 86552.89446545 -1676.07824707 1.000000 
92 30 27 401143.16453362 86985.74747896 -1693.26724243 1.000000 
180 37 27 409960.19723248 87683.33725309 -1720.14627075 0.000000 
146 41 27 406558.88265967 88058.55273533 -1703.47793579 0.000000 
79 15 26 399848.40551710 85456.07044029 -1693.58383179 1.000000 
57 26 26 397653.79124441 86552.83886137 -1692.21643066 0.000000 
143 26 26 406254.82440519 86552.89446545 -1671.07824707 1.000000 
92 30 26 401143.16453362 86985.74747896 -1688.26724243 1.000000 
180 37 26 409960.19723248 87683.33725309 -1715.14627075 0.000000 
146 41 26 406558.88265967 88058.55273533 -1698.47793579 0.000000 
79 15 25 399848.40551710 85456.07044029 -1688.58383179 0.000000 
57 26 25 397653.79124441 86552.83886137 -1687.21643066 0.000000 
143 26 25 406254.82440519 86552.89446545 -1666.07824707 1.000000 
92 30 25 401143.16453362 86985.74747896 -1683.26724243 0.000000 
180 37 25 409960.19723248 87683.33725309 -1710.14627075 1.000000 
146 41 25 406558.88265967 88058.55273533 -1693.47793579 0.000000 
79 15 24 399848.40551710 85456.07044029 -1683.58383179 0.000000 
57 26 24 397653.79124441 86552.83886137 -1682.21643066 1.000000 
143 26 24 406254.82440519 86552.89446545 -1661.07824707 1.000000 
92 30 24 401143.16453362 86985.74747896 -1678.26724243 1.000000 
180 37 24 409960.19723248 87683.33725309 -1705.14627075 0.000000 
146 41 24 406558.88265967 88058.55273533 -1688.47793579 0.000000 
79 15 23 399848.40551710 85456.07044029 -1678.58383179 1.000000 
57 26 23 397653.79124441 86552.83886137 -1677.21643066 0.000000 
143 26 23 406254.82440519 86552.89446545 -1656.07824707 0.000000 
92 30 23 401143.16453362 86985.74747896 -1673.26724243 3.000000 
180 37 23 409960.19723248 87683.33725309 -1700.14627075 1.000000 
146 41 23 406558.88265967 88058.55273533 -1683.47793579 1.000000 
79 15 22 399848.40551710 85456.07044029 -1673.58383179 1.000000 
57 26 22 397653.79124441 86552.83886137 -1672.21643066 0.000000 
143 26 22 406254.82440519 86552.89446545 -1651.07824707 3.000000 
92 30 22 401143.16453362 86985.74747896 -1668.26724243 0.000000 
180 37 22 409960.19723248 87683.33725309 -1695.14627075 0.000000 
146 41 22 406558.88265967 88058.55273533 -1678.47793579 1.000000 
79 15 21 399848.40551710 85456.07044029 -1668.58383179 0.000000 
57 26 21 397653.79124441 86552.83886137 -1667.21643066 0.000000 
143 26 21 406254.82440519 86552.89446545 -1646.07824707 1.000000 
92 30 21 401143.16453362 86985.74747896 -1663.26724243 1.000000 
180 37 21 409960.19723248 87683.33725309 -1690.14627075 0.000000 
146 41 21 406558.88265967 88058.55273533 -1673.47793579 0.000000 
79 15 20 399848.40551710 85456.07044029 -1663.58383179 0.000000 
57 26 20 397653.79124441 86552.83886137 -1662.21643066 0.000000 
143 26 20 406254.82440519 86552.89446545 -1641.07824707 0.000000 
92 30 20 401143.16453362 86985.74747896 -1658.26724243 1.000000 
180 37 20 409960.19723248 87683.33725309 -1685.14627075 1.000000 
146 41 20 406558.88265967 88058.55273533 -1668.47793579 0.000000 
79 15 19 399848.40551710 85456.07044029 -1658.58383179 0.000000 
57 26 19 397653.79124441 86552.83886137 -1657.21643066 0.000000 
143 26 19 406254.82440519 86552.89446545 -1636.07824707 1.000000 
92 30 19 401143.16453362 86985.74747896 -1653.26724243 0.000000 
180 37 19 409960.19723248 87683.33725309 -1680.14627075 1.000000 
146 41 19 406558.88265967 88058.55273533 -1663.47793579 0.000000 
79 15 18 399848.40551710 85456.07044029 -1653.58383179 0.000000 
57 26 18 397653.79124441 86552.83886137 -1652.21643066 0.000000 
143 26 18 406254.82440519 86552.89446545 -1631.07824707 1.000000 
92 30 18 401143.16453362 86985.74747896 -1648.26724243 0.000000 
180 37 18 409960.19723248 87683.33725309 -1675.14627075 0.000000 
146 41 18 406558.88265967 88058.55273533 -1658.47793579 0.000000 
79 15 17 399848.40551710 85456.07044029 -1648.58383179 0.000000 
57 26 17 397653.79124441 86552.83886137 -1647.21643066 0.000000 
143 26 17 406254.82440519 86552.89446545 -1626.07824707 1.000000 
92 30 17 401143.16453362 86985.74747896 -1643.26724243 0.000000 
180 37 17 409960.19723248 87683.33725309 -1670.14627075 0.000000 
146 41 17 406558.88265967 88058.55273533 -1653.47793579 0.000000 
79 15 16 399848.40551710 85456.07044029 -1643.58383179 0.000000 
57 26 16 397653.79124441 86552.83886137 -1642.21643066 0.000000 
143 26 16 406254.82440519 86552.89446545 -1621.07824707 0.000000 
92 30 16 401143.16453362 86985.74747896 -1638.26724243 0.000000 
180 37 16 409960.19723248 87683.33725309 -1665.14627075 0.000000 
146 41 16 406558.88265967 88058.55273533 -1648.47793579 0.000000 
79 15 15 399848.40551710 85456.07044029 -1638.58383179 0.000000 
57 26 15 397653.79124441 86552.83886137 -1637.21643066 0.000000 
143 26 15 406254.82440519 86552.89446545 -1616.07824707 0.000000 
92 30 15 401143.16453362 86985.74747896 -1633.26724243 0.000000 
180 37 15 409960.19723248 87683.33725309 -1660.14627075 0.000000 
146 41 15 406558.88265967 88058.55273533 -1643.47793579 0.000000 
79 15 14 399848.40551710 85456.07044029 -1633.58383179 0.000000 
57 26 14 397653.79124441 86552.83886137 -1632.21643066 0.000000 
143 26 14 406254.82440519 86552.89446545 -1611.07824707 0.000000 
92 30 14 401143.16453362 86985.74747896 -1628.26724243 0.000000 
180 37 14 409960.19723248 87683.33725309 -1655.14627075 0.000000 
146 41 14 406558.88265967 88058.55273533 -1638.47793579 0.000000 
79 15 13 399848.40551710 85456.07044029 -1628.58383179 0.000000 
57 26 13 397653.79124441 86552.83886137 -1627.21643066 0.000000 
143 26 13 406254.82440519 86552.89446545 -1606.07824707 1.000000 
92 30 13 401143.16453362 86985.74747896 -1623.26724243 0.000000 
180 37 13 409960.19723248 87683.33725309 -1650.14627075 1.000000 
146 41 13 406558.88265967 88058.55273533 -1633.47793579 0.000000 
79 15 12 399848.40551710 85456.07044029 -1623.58383179 0.000000 
57 26 12 397653.79124441 86552.83886137 -1622.21643066 0.000000 
143 26 12 406254.82440519 86552.89446545 -1601.07824707 0.000000 
92 30 12 401143.16453362 86985.74747896 -1618.26724243 0.000000 
180 37 12 409960.19723248 87683.33725309 -1645.14627075 0.000000 
146 41 12 406558.88265967 88058.55273533 -1628.47793579 0.000000 
79 15 11 399848.40551710 85456.07044029 -1618.58383179 1.000000 
57 26 11 397653.79124441 86552.83886137 -1617.21643066 0.000000 
143 26 11 406254.82440519 86552.89446545 -1596.07824707 0.000000 
92 30 11 401143.16453362 86985.74747896 -1613.26724243 0.000000 
180 37 11 409960.19723248 87683.33725309 -1640.14627075 0.000000 
146 41 11 406558.88265967 88058.55273533 -1623.47793579 0.000000 
79 15 10 399848.40551710 85456.07044029 -1613.58383179 0.000000 
57 26 10 397653.79124441 86552.83886137 -1612.21643066 0.000000 
143 26 10 406254.82440519 86552.89446545 -1591.07824707 0.000000 
92 30 10 401143.16453362 86985.74747896 -1608.26724243 0.000000 
180 37 10 409960.19723248 87683.33725309 -1635.14627075 0.000000 
146 41 10 406558.88265967 88058.55273533 -1618.47793579 0.000000 
79 15 9 399848.40551710 85456.07044029 -1608.58383179 1.000000 
57 26 9 397653.79124441 86552.83886137 -1607.21643066 0.000000 
143 26 9 406254.82440519 86552.89446545 -1586.07824707 0.000000 
92 30 9 401143.16453362 86985.74747896 -1603.26724243 0.000000 
180 37 9 409960.19723248 87683.33725309 -1630.14627075 1.000000 
146 41 9 406558.88265967 88058.55273533 -1613.47793579 1.000000 
79 15 8 399848.40551710 85456.07044029 -1603.58383179 1.000000 
57 26 8 397653.79124441 86552.83886137 -1602.21643066 0.000000 
143 26 8 406254.82440519 86552.89446545 -1581.07824707 0.000000 
92 30 8 401143.16453362 86985.74747896 -1598.26724243 1.000000 
180 37 8 409960.19723248 87683.33725309 -1625.14627075 0.000000 
146 41 8 406558.88265967 88058.55273533 -1608.47793579 0.000000 
79 15 7 399848.40551710 85456.07044029 -1598.58383179 1.000000 
57 26 7 397653.79124441 86552.83886137 -1597.21643066 0.000000 
143 26 7 406254.82440519 86552.89446545 -1576.07824707 0.000000 
92 30 7 401143.16453362 86985.74747896 -1593.26724243 0.000000 
180 37 7 409960.19723248 87683.33725309 -1620.14627075 0.000000 
146 41 7 406558.88265967 88058.55273533 -1603.47793579 0.000000 
79 15 6 399848.40551710 85456.07044029 -1593.58383179 0.000000 
57 26 6 397653.79124441 86552.83886137 -1592.21643066 0.000000 
143 26 6 406254.82440519 86552.89446545 -1571.07824707 0.000000 
92 30 6 401143.16453362 86985.74747896 -1588.26724243 1.000000 
180 37 6 409960.19723248 87683.33725309 -1615.14627075 0.000000 
146 41 6 406558.88265967 88058.55273533 -1598.47793579 0.000000 
79 15 5 399848.40551710 85456.07044029 -1588.58383179 0.000000 
57 26 5 397653.79124441 86552.83886137 -1587.21643066 1.000000 
143 26 5 406254.82440519 86552.89446545 -1566.07824707 0.000000 
92 30 5 401143.16453362 86985.74747896 -1583.26724243 1.000000 
180 37 5 409960.19723248 87683.33725309 -1610.14627075 0.000000 
146 41 5 406558.88265967 88058.55273533 -1593.47793579 0.000000 
79 15 4 399848.40551710 85456.07044029 -1583.58383179 0.000000 
57 26 4 397653.79124441 86552.83886137 -1582.21643066 0.000000 
143 26 4 406254.82440519 86552.89446545 -1561.07824707 0.000000 
92 30 4 401143.16453362 86985.74747896 -1578.26724243 0.000000 
180 37 4 409960.19723248 87683.33725309 -1605.14627075 0.000000 
146 41 4 406558.88265967 88058.55273533 -1588.47793579 1.000000 
79 15 3 399848.40551710 85456.07044029 -1578.58383179 0.000000 
57 26 3 397653.79124441 86552.83886137 -1577.21643066 0.000000 
143 26 3 406254.82440519 86552.89446545 -1556.07824707 0.000000 
92 30 3 401143.16453362 86985.74747896 -1573.26724243 0.000000 
180 37 3 409960.19723248 87683.33725309 -1600.14627075 3.000000 
146 41 3 406558.88265967 88058.55273533 -1583.47793579 3.000000 
79 15 2 399848.40551710 85456.07044029 -1573.58383179 1.000000 
57 26 2 397653.79124441 86552.83886137 -1572.21643066 1.000000 
143 26 2 406254.82440519 86552.89446545 -1551.07824707 0.000000 
92 30 2 401143.16453362 86985.74747896 -1568.26724243 3.000000 
180 37 2 409960.19723248 87683.33725309 -1595.14627075 0.000000 
146 41 2 406558.88265967 88058.55273533 -1578.47793579 0.000000 
79 15 1 399848.40551710 85456.07044029 -1568.58383179 1.000000 
57 26 1 397653.79124441 86552.83886137 -1567.21643066 0.000000 
143 26 1 406254.82440519 86552.89446545 -1546.07824707 1.000000 
92 30 1 401143.16453362 86985.74747896 -1563.26724243 1.000000 
180 37 1 409960.19723248 87683.33725309 -1590.14627075 1.000000 
146 41 1 406558.88265967 88058.55273533 -1573.47793579 1.000000 
