PETREL: Properties
7
i_index unit1 scale1
j_index unit1 scale1
k_index unit1 scale1
x_coord unit1 scale1
y_coord unit1 scale1
z_coord unit1 scale1
Facies_2(0.7) unit1 scale1
79 15 37 399848.40551710 85456.07044029 -1746.70411682 3.000000 
79 15 36 399848.40551710 85456.07044029 -1744.06991577 3.000000 
79 15 35 399848.40551710 85456.07044029 -1739.08843994 1.000000 
79 15 34 399848.40551710 85456.07044029 -1734.08843994 0.000000 
79 15 33 399848.40551710 85456.07044029 -1729.08843994 1.000000 
79 15 32 399848.40551710 85456.07044029 -1724.08843994 0.000000 
57 26 32 397653.79124441 86552.83886137 -1735.58392334 0.000000 
92 30 32 401143.16453362 86985.74747896 -1712.21051025 1.000000 
79 15 31 399848.40551710 85456.07044029 -1719.08843994 0.000000 
57 26 31 397653.79124441 86552.83886137 -1731.28976440 0.000000 
92 30 31 401143.16453362 86985.74747896 -1708.05786133 1.000000 
180 37 31 409960.19723248 87683.33725309 -1739.20724487 3.000000 
79 15 30 399848.40551710 85456.07044029 -1714.08843994 0.000000 
57 26 30 397653.79124441 86552.83886137 -1726.28976440 0.000000 
143 26 30 406254.82440519 86552.89446545 -1690.59709167 0.000000 
92 30 30 401143.16453362 86985.74747896 -1703.05786133 1.000000 
180 37 30 409960.19723248 87683.33725309 -1735.47702026 3.000000 
79 15 29 399848.40551710 85456.07044029 -1709.08843994 0.000000 
57 26 29 397653.79124441 86552.83886137 -1721.28976440 0.000000 
143 26 29 406254.82440519 86552.89446545 -1686.91262817 0.000000 
92 30 29 401143.16453362 86985.74747896 -1698.05786133 1.000000 
180 37 29 409960.19723248 87683.33725309 -1730.47702026 0.000000 
146 41 29 406558.88265967 88058.55273533 -1728.56207275 3.000000 
79 15 28 399848.40551710 85456.07044029 -1704.08843994 0.000000 
57 26 28 397653.79124441 86552.83886137 -1716.28976440 0.000000 
143 26 28 406254.82440519 86552.89446545 -1681.91262817 0.000000 
92 30 28 401143.16453362 86985.74747896 -1693.05786133 1.000000 
180 37 28 409960.19723248 87683.33725309 -1725.47702026 0.000000 
146 41 28 406558.88265967 88058.55273533 -1726.04946899 0.000000 
79 15 27 399848.40551710 85456.07044029 -1699.08843994 0.000000 
57 26 27 397653.79124441 86552.83886137 -1711.28976440 0.000000 
143 26 27 406254.82440519 86552.89446545 -1676.91262817 3.000000 
92 30 27 401143.16453362 86985.74747896 -1688.05786133 0.000000 
180 37 27 409960.19723248 87683.33725309 -1720.47702026 0.000000 
146 41 27 406558.88265967 88058.55273533 -1721.09661865 0.000000 
79 15 26 399848.40551710 85456.07044029 -1694.08843994 3.000000 
57 26 26 397653.79124441 86552.83886137 -1706.28976440 0.000000 
143 26 26 406254.82440519 86552.89446545 -1671.91262817 1.000000 
92 30 26 401143.16453362 86985.74747896 -1683.05786133 0.000000 
180 37 26 409960.19723248 87683.33725309 -1715.47702026 0.000000 
146 41 26 406558.88265967 88058.55273533 -1716.09661865 0.000000 
79 15 25 399848.40551710 85456.07044029 -1689.08843994 0.000000 
57 26 25 397653.79124441 86552.83886137 -1701.28976440 1.000000 
143 26 25 406254.82440519 86552.89446545 -1666.91262817 0.000000 
92 30 25 401143.16453362 86985.74747896 -1678.05786133 1.000000 
180 37 25 409960.19723248 87683.33725309 -1710.47702026 0.000000 
146 41 25 406558.88265967 88058.55273533 -1711.09661865 0.000000 
79 15 24 399848.40551710 85456.07044029 -1684.08843994 0.000000 
57 26 24 397653.79124441 86552.83886137 -1696.28976440 0.000000 
143 26 24 406254.82440519 86552.89446545 -1661.91262817 0.000000 
92 30 24 401143.16453362 86985.74747896 -1673.05786133 3.000000 
180 37 24 409960.19723248 87683.33725309 -1705.47702026 0.000000 
146 41 24 406558.88265967 88058.55273533 -1706.09661865 1.000000 
79 15 23 399848.40551710 85456.07044029 -1679.08843994 0.000000 
57 26 23 397653.79124441 86552.83886137 -1691.28976440 0.000000 
143 26 23 406254.82440519 86552.89446545 -1656.91262817 0.000000 
92 30 23 401143.16453362 86985.74747896 -1668.05786133 0.000000 
180 37 23 409960.19723248 87683.33725309 -1700.47702026 1.000000 
146 41 23 406558.88265967 88058.55273533 -1701.09661865 0.000000 
79 15 22 399848.40551710 85456.07044029 -1674.08843994 1.000000 
57 26 22 397653.79124441 86552.83886137 -1686.28976440 0.000000 
143 26 22 406254.82440519 86552.89446545 -1651.91262817 1.000000 
92 30 22 401143.16453362 86985.74747896 -1663.05786133 1.000000 
180 37 22 409960.19723248 87683.33725309 -1695.47702026 3.000000 
146 41 22 406558.88265967 88058.55273533 -1696.09661865 0.000000 
79 15 21 399848.40551710 85456.07044029 -1669.08843994 0.000000 
57 26 21 397653.79124441 86552.83886137 -1681.28976440 1.000000 
143 26 21 406254.82440519 86552.89446545 -1646.91262817 3.000000 
92 30 21 401143.16453362 86985.74747896 -1658.05786133 0.000000 
180 37 21 409960.19723248 87683.33725309 -1690.47702026 0.000000 
146 41 21 406558.88265967 88058.55273533 -1691.09661865 0.000000 
79 15 20 399848.40551710 85456.07044029 -1664.08843994 0.000000 
57 26 20 397653.79124441 86552.83886137 -1676.28976440 0.000000 
143 26 20 406254.82440519 86552.89446545 -1641.91262817 0.000000 
92 30 20 401143.16453362 86985.74747896 -1653.05786133 0.000000 
180 37 20 409960.19723248 87683.33725309 -1685.47702026 0.000000 
146 41 20 406558.88265967 88058.55273533 -1686.09661865 1.000000 
79 15 19 399848.40551710 85456.07044029 -1659.08843994 0.000000 
57 26 19 397653.79124441 86552.83886137 -1671.28976440 0.000000 
143 26 19 406254.82440519 86552.89446545 -1636.91262817 0.000000 
92 30 19 401143.16453362 86985.74747896 -1648.05786133 0.000000 
180 37 19 409960.19723248 87683.33725309 -1680.47702026 1.000000 
146 41 19 406558.88265967 88058.55273533 -1681.09661865 1.000000 
79 15 18 399848.40551710 85456.07044029 -1654.08843994 0.000000 
57 26 18 397653.79124441 86552.83886137 -1666.28976440 0.000000 
143 26 18 406254.82440519 86552.89446545 -1631.91262817 1.000000 
92 30 18 401143.16453362 86985.74747896 -1643.05786133 0.000000 
180 37 18 409960.19723248 87683.33725309 -1675.47702026 0.000000 
146 41 18 406558.88265967 88058.55273533 -1676.09661865 0.000000 
79 15 17 399848.40551710 85456.07044029 -1649.08843994 0.000000 
57 26 17 397653.79124441 86552.83886137 -1661.28976440 0.000000 
143 26 17 406254.82440519 86552.89446545 -1626.91262817 1.000000 
92 30 17 401143.16453362 86985.74747896 -1638.05786133 0.000000 
180 37 17 409960.19723248 87683.33725309 -1670.47702026 0.000000 
146 41 17 406558.88265967 88058.55273533 -1671.09661865 0.000000 
79 15 16 399848.40551710 85456.07044029 -1644.08843994 0.000000 
57 26 16 397653.79124441 86552.83886137 -1656.28976440 0.000000 
143 26 16 406254.82440519 86552.89446545 -1621.91262817 0.000000 
92 30 16 401143.16453362 86985.74747896 -1633.05786133 0.000000 
180 37 16 409960.19723248 87683.33725309 -1665.47702026 0.000000 
146 41 16 406558.88265967 88058.55273533 -1666.09661865 0.000000 
79 15 15 399848.40551710 85456.07044029 -1639.08843994 0.000000 
57 26 15 397653.79124441 86552.83886137 -1651.28976440 0.000000 
143 26 15 406254.82440519 86552.89446545 -1616.91262817 0.000000 
92 30 15 401143.16453362 86985.74747896 -1628.05786133 0.000000 
180 37 15 409960.19723248 87683.33725309 -1660.47702026 0.000000 
146 41 15 406558.88265967 88058.55273533 -1661.09661865 0.000000 
79 15 14 399848.40551710 85456.07044029 -1634.08843994 0.000000 
57 26 14 397653.79124441 86552.83886137 -1646.28976440 0.000000 
143 26 14 406254.82440519 86552.89446545 -1611.91262817 0.000000 
92 30 14 401143.16453362 86985.74747896 -1623.05786133 0.000000 
180 37 14 409960.19723248 87683.33725309 -1655.47702026 0.000000 
146 41 14 406558.88265967 88058.55273533 -1656.09661865 0.000000 
79 15 13 399848.40551710 85456.07044029 -1629.08843994 0.000000 
57 26 13 397653.79124441 86552.83886137 -1641.28976440 0.000000 
143 26 13 406254.82440519 86552.89446545 -1606.91262817 0.000000 
92 30 13 401143.16453362 86985.74747896 -1618.05786133 0.000000 
180 37 13 409960.19723248 87683.33725309 -1650.47702026 0.000000 
146 41 13 406558.88265967 88058.55273533 -1651.09661865 0.000000 
79 15 12 399848.40551710 85456.07044029 -1624.08843994 0.000000 
57 26 12 397653.79124441 86552.83886137 -1636.28976440 0.000000 
143 26 12 406254.82440519 86552.89446545 -1601.91262817 0.000000 
92 30 12 401143.16453362 86985.74747896 -1613.05786133 0.000000 
180 37 12 409960.19723248 87683.33725309 -1645.47702026 0.000000 
146 41 12 406558.88265967 88058.55273533 -1646.09661865 0.000000 
79 15 11 399848.40551710 85456.07044029 -1619.08843994 0.000000 
57 26 11 397653.79124441 86552.83886137 -1631.28976440 0.000000 
143 26 11 406254.82440519 86552.89446545 -1596.91262817 0.000000 
92 30 11 401143.16453362 86985.74747896 -1608.05786133 0.000000 
180 37 11 409960.19723248 87683.33725309 -1640.47702026 0.000000 
146 41 11 406558.88265967 88058.55273533 -1641.09661865 0.000000 
79 15 10 399848.40551710 85456.07044029 -1614.08843994 0.000000 
57 26 10 397653.79124441 86552.83886137 -1626.28976440 0.000000 
143 26 10 406254.82440519 86552.89446545 -1591.91262817 0.000000 
92 30 10 401143.16453362 86985.74747896 -1603.05786133 0.000000 
180 37 10 409960.19723248 87683.33725309 -1635.47702026 0.000000 
146 41 10 406558.88265967 88058.55273533 -1636.09661865 0.000000 
79 15 9 399848.40551710 85456.07044029 -1609.08843994 1.000000 
57 26 9 397653.79124441 86552.83886137 -1621.28976440 0.000000 
143 26 9 406254.82440519 86552.89446545 -1586.91262817 0.000000 
92 30 9 401143.16453362 86985.74747896 -1598.05786133 1.000000 
180 37 9 409960.19723248 87683.33725309 -1630.47702026 1.000000 
146 41 9 406558.88265967 88058.55273533 -1631.09661865 0.000000 
79 15 8 399848.40551710 85456.07044029 -1604.08843994 1.000000 
57 26 8 397653.79124441 86552.83886137 -1616.28976440 0.000000 
143 26 8 406254.82440519 86552.89446545 -1581.91262817 1.000000 
92 30 8 401143.16453362 86985.74747896 -1593.05786133 0.000000 
180 37 8 409960.19723248 87683.33725309 -1625.47702026 0.000000 
146 41 8 406558.88265967 88058.55273533 -1626.09661865 0.000000 
79 15 7 399848.40551710 85456.07044029 -1599.08843994 0.000000 
57 26 7 397653.79124441 86552.83886137 -1611.28976440 0.000000 
143 26 7 406254.82440519 86552.89446545 -1576.91262817 0.000000 
92 30 7 401143.16453362 86985.74747896 -1588.05786133 1.000000 
180 37 7 409960.19723248 87683.33725309 -1620.47702026 0.000000 
146 41 7 406558.88265967 88058.55273533 -1621.09661865 0.000000 
79 15 6 399848.40551710 85456.07044029 -1594.08843994 0.000000 
57 26 6 397653.79124441 86552.83886137 -1606.28976440 0.000000 
143 26 6 406254.82440519 86552.89446545 -1571.91262817 0.000000 
92 30 6 401143.16453362 86985.74747896 -1583.05786133 0.000000 
180 37 6 409960.19723248 87683.33725309 -1615.47702026 0.000000 
146 41 6 406558.88265967 88058.55273533 -1616.09661865 0.000000 
79 15 5 399848.40551710 85456.07044029 -1589.08843994 0.000000 
57 26 5 397653.79124441 86552.83886137 -1601.28976440 0.000000 
143 26 5 406254.82440519 86552.89446545 -1566.91262817 0.000000 
92 30 5 401143.16453362 86985.74747896 -1578.05786133 0.000000 
180 37 5 409960.19723248 87683.33725309 -1610.47702026 0.000000 
146 41 5 406558.88265967 88058.55273533 -1611.09661865 0.000000 
79 15 4 399848.40551710 85456.07044029 -1584.08843994 0.000000 
57 26 4 397653.79124441 86552.83886137 -1596.28976440 0.000000 
143 26 4 406254.82440519 86552.89446545 -1561.91262817 0.000000 
92 30 4 401143.16453362 86985.74747896 -1573.05786133 0.000000 
180 37 4 409960.19723248 87683.33725309 -1605.47702026 0.000000 
146 41 4 406558.88265967 88058.55273533 -1606.09661865 0.000000 
79 15 3 399848.40551710 85456.07044029 -1579.08843994 0.000000 
57 26 3 397653.79124441 86552.83886137 -1591.28976440 0.000000 
143 26 3 406254.82440519 86552.89446545 -1556.91262817 0.000000 
92 30 3 401143.16453362 86985.74747896 -1568.05786133 3.000000 
180 37 3 409960.19723248 87683.33725309 -1600.47702026 3.000000 
146 41 3 406558.88265967 88058.55273533 -1601.09661865 1.000000 
79 15 2 399848.40551710 85456.07044029 -1574.08843994 1.000000 
57 26 2 397653.79124441 86552.83886137 -1586.28976440 1.000000 
143 26 2 406254.82440519 86552.89446545 -1551.91262817 0.000000 
92 30 2 401143.16453362 86985.74747896 -1563.05786133 1.000000 
180 37 2 409960.19723248 87683.33725309 -1595.47702026 0.000000 
146 41 2 406558.88265967 88058.55273533 -1596.09661865 0.000000 
79 15 1 399848.40551710 85456.07044029 -1569.08843994 1.000000 
57 26 1 397653.79124441 86552.83886137 -1581.28976440 0.000000 
143 26 1 406254.82440519 86552.89446545 -1546.91262817 0.000000 
92 30 1 401143.16453362 86985.74747896 -1558.05786133 3.000000 
180 37 1 409960.19723248 87683.33725309 -1590.47702026 0.000000 
146 41 1 406558.88265967 88058.55273533 -1591.09661865 0.000000 
