PETREL: Properties
7
i_index unit1 scale1
j_index unit1 scale1
k_index unit1 scale1
x_coord unit1 scale1
y_coord unit1 scale1
z_coord unit1 scale1
Facies_3(0.8) unit1 scale1
79 15 36 399848.40551710 85456.07044029 -1745.68540955 3.000000 
79 15 35 399848.40551710 85456.07044029 -1742.01397705 0.000000 
79 15 34 399848.40551710 85456.07044029 -1737.01397705 1.000000 
57 26 34 397653.79124441 86552.83886137 -1736.09037781 0.000000 
79 15 33 399848.40551710 85456.07044029 -1732.01397705 0.000000 
57 26 33 397653.79124441 86552.83886137 -1732.30267334 3.000000 
79 15 32 399848.40551710 85456.07044029 -1727.01397705 0.000000 
57 26 32 397653.79124441 86552.83886137 -1727.30267334 0.000000 
79 15 31 399848.40551710 85456.07044029 -1722.01397705 0.000000 
57 26 31 397653.79124441 86552.83886137 -1722.30267334 0.000000 
146 41 31 406558.88265967 88058.55273533 -1727.14601135 0.000000 
79 15 30 399848.40551710 85456.07044029 -1717.01397705 0.000000 
57 26 30 397653.79124441 86552.83886137 -1717.30267334 0.000000 
92 30 30 401143.16453362 86985.74747896 -1713.79531860 3.000000 
146 41 30 406558.88265967 88058.55273533 -1723.17019653 0.000000 
79 15 29 399848.40551710 85456.07044029 -1712.01397705 0.000000 
57 26 29 397653.79124441 86552.83886137 -1712.30267334 0.000000 
143 26 29 406254.82440519 86552.89446545 -1689.67098999 0.000000 
92 30 29 401143.16453362 86985.74747896 -1711.40646362 0.000000 
180 37 29 409960.19723248 87683.33725309 -1738.71618652 3.000000 
146 41 29 406558.88265967 88058.55273533 -1718.17019653 0.000000 
79 15 28 399848.40551710 85456.07044029 -1707.01397705 0.000000 
57 26 28 397653.79124441 86552.83886137 -1707.30267334 0.000000 
143 26 28 406254.82440519 86552.89446545 -1685.06042480 0.000000 
92 30 28 401143.16453362 86985.74747896 -1706.58544922 1.000000 
180 37 28 409960.19723248 87683.33725309 -1734.49490356 1.000000 
146 41 28 406558.88265967 88058.55273533 -1713.17019653 0.000000 
79 15 27 399848.40551710 85456.07044029 -1702.01397705 0.000000 
57 26 27 397653.79124441 86552.83886137 -1702.30267334 0.000000 
143 26 27 406254.82440519 86552.89446545 -1680.06042480 0.000000 
92 30 27 401143.16453362 86985.74747896 -1701.58544922 0.000000 
180 37 27 409960.19723248 87683.33725309 -1729.49490356 0.000000 
146 41 27 406558.88265967 88058.55273533 -1708.17019653 0.000000 
79 15 26 399848.40551710 85456.07044029 -1697.01397705 0.000000 
57 26 26 397653.79124441 86552.83886137 -1697.30267334 0.000000 
143 26 26 406254.82440519 86552.89446545 -1675.06042480 0.000000 
92 30 26 401143.16453362 86985.74747896 -1696.58544922 0.000000 
180 37 26 409960.19723248 87683.33725309 -1724.49490356 0.000000 
146 41 26 406558.88265967 88058.55273533 -1703.17019653 0.000000 
79 15 25 399848.40551710 85456.07044029 -1692.01397705 0.000000 
57 26 25 397653.79124441 86552.83886137 -1692.30267334 0.000000 
143 26 25 406254.82440519 86552.89446545 -1670.06042480 0.000000 
92 30 25 401143.16453362 86985.74747896 -1691.58544922 0.000000 
180 37 25 409960.19723248 87683.33725309 -1719.49490356 0.000000 
146 41 25 406558.88265967 88058.55273533 -1698.17019653 0.000000 
79 15 24 399848.40551710 85456.07044029 -1687.01397705 0.000000 
57 26 24 397653.79124441 86552.83886137 -1687.30267334 0.000000 
143 26 24 406254.82440519 86552.89446545 -1665.06042480 0.000000 
92 30 24 401143.16453362 86985.74747896 -1686.58544922 0.000000 
180 37 24 409960.19723248 87683.33725309 -1714.49490356 0.000000 
146 41 24 406558.88265967 88058.55273533 -1693.17019653 0.000000 
79 15 23 399848.40551710 85456.07044029 -1682.01397705 0.000000 
57 26 23 397653.79124441 86552.83886137 -1682.30267334 1.000000 
143 26 23 406254.82440519 86552.89446545 -1660.06042480 0.000000 
92 30 23 401143.16453362 86985.74747896 -1681.58544922 0.000000 
180 37 23 409960.19723248 87683.33725309 -1709.49490356 0.000000 
146 41 23 406558.88265967 88058.55273533 -1688.17019653 0.000000 
79 15 22 399848.40551710 85456.07044029 -1677.01397705 0.000000 
57 26 22 397653.79124441 86552.83886137 -1677.30267334 0.000000 
143 26 22 406254.82440519 86552.89446545 -1655.06042480 0.000000 
92 30 22 401143.16453362 86985.74747896 -1676.58544922 1.000000 
180 37 22 409960.19723248 87683.33725309 -1704.49490356 0.000000 
146 41 22 406558.88265967 88058.55273533 -1683.17019653 0.000000 
79 15 21 399848.40551710 85456.07044029 -1672.01397705 0.000000 
57 26 21 397653.79124441 86552.83886137 -1672.30267334 0.000000 
143 26 21 406254.82440519 86552.89446545 -1650.06042480 3.000000 
92 30 21 401143.16453362 86985.74747896 -1671.58544922 3.000000 
180 37 21 409960.19723248 87683.33725309 -1699.49490356 3.000000 
146 41 21 406558.88265967 88058.55273533 -1678.17019653 0.000000 
79 15 20 399848.40551710 85456.07044029 -1667.01397705 0.000000 
57 26 20 397653.79124441 86552.83886137 -1667.30267334 0.000000 
143 26 20 406254.82440519 86552.89446545 -1645.06042480 0.000000 
92 30 20 401143.16453362 86985.74747896 -1666.58544922 0.000000 
180 37 20 409960.19723248 87683.33725309 -1694.49490356 0.000000 
146 41 20 406558.88265967 88058.55273533 -1673.17019653 0.000000 
79 15 19 399848.40551710 85456.07044029 -1662.01397705 0.000000 
57 26 19 397653.79124441 86552.83886137 -1662.30267334 0.000000 
143 26 19 406254.82440519 86552.89446545 -1640.06042480 0.000000 
92 30 19 401143.16453362 86985.74747896 -1661.58544922 0.000000 
180 37 19 409960.19723248 87683.33725309 -1689.49490356 0.000000 
146 41 19 406558.88265967 88058.55273533 -1668.17019653 0.000000 
79 15 18 399848.40551710 85456.07044029 -1657.01397705 0.000000 
57 26 18 397653.79124441 86552.83886137 -1657.30267334 0.000000 
143 26 18 406254.82440519 86552.89446545 -1635.06042480 1.000000 
92 30 18 401143.16453362 86985.74747896 -1656.58544922 0.000000 
180 37 18 409960.19723248 87683.33725309 -1684.49490356 1.000000 
146 41 18 406558.88265967 88058.55273533 -1663.17019653 0.000000 
79 15 17 399848.40551710 85456.07044029 -1652.01397705 0.000000 
57 26 17 397653.79124441 86552.83886137 -1652.30267334 0.000000 
143 26 17 406254.82440519 86552.89446545 -1630.06042480 0.000000 
92 30 17 401143.16453362 86985.74747896 -1651.58544922 0.000000 
180 37 17 409960.19723248 87683.33725309 -1679.49490356 1.000000 
146 41 17 406558.88265967 88058.55273533 -1658.17019653 0.000000 
79 15 16 399848.40551710 85456.07044029 -1647.01397705 0.000000 
57 26 16 397653.79124441 86552.83886137 -1647.30267334 0.000000 
143 26 16 406254.82440519 86552.89446545 -1625.06042480 0.000000 
92 30 16 401143.16453362 86985.74747896 -1646.58544922 0.000000 
180 37 16 409960.19723248 87683.33725309 -1674.49490356 0.000000 
146 41 16 406558.88265967 88058.55273533 -1653.17019653 0.000000 
79 15 15 399848.40551710 85456.07044029 -1642.01397705 0.000000 
57 26 15 397653.79124441 86552.83886137 -1642.30267334 0.000000 
143 26 15 406254.82440519 86552.89446545 -1620.06042480 0.000000 
92 30 15 401143.16453362 86985.74747896 -1641.58544922 0.000000 
180 37 15 409960.19723248 87683.33725309 -1669.49490356 0.000000 
146 41 15 406558.88265967 88058.55273533 -1648.17019653 0.000000 
79 15 14 399848.40551710 85456.07044029 -1637.01397705 0.000000 
57 26 14 397653.79124441 86552.83886137 -1637.30267334 0.000000 
143 26 14 406254.82440519 86552.89446545 -1615.06042480 0.000000 
92 30 14 401143.16453362 86985.74747896 -1636.58544922 0.000000 
180 37 14 409960.19723248 87683.33725309 -1664.49490356 0.000000 
146 41 14 406558.88265967 88058.55273533 -1643.17019653 0.000000 
79 15 13 399848.40551710 85456.07044029 -1632.01397705 0.000000 
57 26 13 397653.79124441 86552.83886137 -1632.30267334 0.000000 
143 26 13 406254.82440519 86552.89446545 -1610.06042480 0.000000 
92 30 13 401143.16453362 86985.74747896 -1631.58544922 0.000000 
180 37 13 409960.19723248 87683.33725309 -1659.49490356 0.000000 
146 41 13 406558.88265967 88058.55273533 -1638.17019653 0.000000 
79 15 12 399848.40551710 85456.07044029 -1627.01397705 0.000000 
57 26 12 397653.79124441 86552.83886137 -1627.30267334 0.000000 
143 26 12 406254.82440519 86552.89446545 -1605.06042480 0.000000 
92 30 12 401143.16453362 86985.74747896 -1626.58544922 0.000000 
180 37 12 409960.19723248 87683.33725309 -1654.49490356 0.000000 
146 41 12 406558.88265967 88058.55273533 -1633.17019653 0.000000 
79 15 11 399848.40551710 85456.07044029 -1622.01397705 0.000000 
57 26 11 397653.79124441 86552.83886137 -1622.30267334 0.000000 
143 26 11 406254.82440519 86552.89446545 -1600.06042480 0.000000 
92 30 11 401143.16453362 86985.74747896 -1621.58544922 0.000000 
180 37 11 409960.19723248 87683.33725309 -1649.49490356 0.000000 
146 41 11 406558.88265967 88058.55273533 -1628.17019653 0.000000 
79 15 10 399848.40551710 85456.07044029 -1617.01397705 0.000000 
57 26 10 397653.79124441 86552.83886137 -1617.30267334 0.000000 
143 26 10 406254.82440519 86552.89446545 -1595.06042480 0.000000 
92 30 10 401143.16453362 86985.74747896 -1616.58544922 0.000000 
180 37 10 409960.19723248 87683.33725309 -1644.49490356 0.000000 
146 41 10 406558.88265967 88058.55273533 -1623.17019653 0.000000 
79 15 9 399848.40551710 85456.07044029 -1612.01397705 0.000000 
57 26 9 397653.79124441 86552.83886137 -1612.30267334 0.000000 
143 26 9 406254.82440519 86552.89446545 -1590.06042480 0.000000 
92 30 9 401143.16453362 86985.74747896 -1611.58544922 0.000000 
180 37 9 409960.19723248 87683.33725309 -1639.49490356 0.000000 
146 41 9 406558.88265967 88058.55273533 -1618.17019653 0.000000 
79 15 8 399848.40551710 85456.07044029 -1607.01397705 1.000000 
57 26 8 397653.79124441 86552.83886137 -1607.30267334 0.000000 
143 26 8 406254.82440519 86552.89446545 -1585.06042480 0.000000 
92 30 8 401143.16453362 86985.74747896 -1606.58544922 0.000000 
180 37 8 409960.19723248 87683.33725309 -1634.49490356 0.000000 
146 41 8 406558.88265967 88058.55273533 -1613.17019653 0.000000 
79 15 7 399848.40551710 85456.07044029 -1602.01397705 1.000000 
57 26 7 397653.79124441 86552.83886137 -1602.30267334 0.000000 
143 26 7 406254.82440519 86552.89446545 -1580.06042480 0.000000 
92 30 7 401143.16453362 86985.74747896 -1601.58544922 0.000000 
180 37 7 409960.19723248 87683.33725309 -1629.49490356 0.000000 
146 41 7 406558.88265967 88058.55273533 -1608.17019653 0.000000 
79 15 6 399848.40551710 85456.07044029 -1597.01397705 0.000000 
57 26 6 397653.79124441 86552.83886137 -1597.30267334 0.000000 
143 26 6 406254.82440519 86552.89446545 -1575.06042480 0.000000 
92 30 6 401143.16453362 86985.74747896 -1596.58544922 0.000000 
180 37 6 409960.19723248 87683.33725309 -1624.49490356 0.000000 
146 41 6 406558.88265967 88058.55273533 -1603.17019653 0.000000 
79 15 5 399848.40551710 85456.07044029 -1592.01397705 0.000000 
57 26 5 397653.79124441 86552.83886137 -1592.30267334 0.000000 
143 26 5 406254.82440519 86552.89446545 -1570.06042480 0.000000 
92 30 5 401143.16453362 86985.74747896 -1591.58544922 0.000000 
180 37 5 409960.19723248 87683.33725309 -1619.49490356 0.000000 
146 41 5 406558.88265967 88058.55273533 -1598.17019653 0.000000 
79 15 4 399848.40551710 85456.07044029 -1587.01397705 0.000000 
57 26 4 397653.79124441 86552.83886137 -1587.30267334 0.000000 
143 26 4 406254.82440519 86552.89446545 -1565.06042480 0.000000 
92 30 4 401143.16453362 86985.74747896 -1586.58544922 0.000000 
180 37 4 409960.19723248 87683.33725309 -1614.49490356 0.000000 
146 41 4 406558.88265967 88058.55273533 -1593.17019653 0.000000 
79 15 3 399848.40551710 85456.07044029 -1582.01397705 0.000000 
57 26 3 397653.79124441 86552.83886137 -1582.30267334 0.000000 
143 26 3 406254.82440519 86552.89446545 -1560.06042480 0.000000 
92 30 3 401143.16453362 86985.74747896 -1581.58544922 0.000000 
180 37 3 409960.19723248 87683.33725309 -1609.49490356 0.000000 
146 41 3 406558.88265967 88058.55273533 -1588.17019653 0.000000 
79 15 2 399848.40551710 85456.07044029 -1577.01397705 1.000000 
57 26 2 397653.79124441 86552.83886137 -1577.30267334 0.000000 
143 26 2 406254.82440519 86552.89446545 -1555.06042480 0.000000 
92 30 2 401143.16453362 86985.74747896 -1576.58544922 0.000000 
180 37 2 409960.19723248 87683.33725309 -1604.49490356 0.000000 
146 41 2 406558.88265967 88058.55273533 -1583.17019653 3.000000 
79 15 1 399848.40551710 85456.07044029 -1572.01397705 1.000000 
57 26 1 397653.79124441 86552.83886137 -1572.30267334 1.000000 
143 26 1 406254.82440519 86552.89446545 -1550.06042480 0.000000 
92 30 1 401143.16453362 86985.74747896 -1571.58544922 3.000000 
180 37 1 409960.19723248 87683.33725309 -1599.49490356 3.000000 
146 41 1 406558.88265967 88058.55273533 -1578.17019653 0.000000 
