PETREL: Properties
7
i_index unit1 scale1
j_index unit1 scale1
k_index unit1 scale1
x_coord unit1 scale1
y_coord unit1 scale1
z_coord unit1 scale1
Facies_3(0.8) unit1 scale1
79 15 19 399848.40551710 85456.07044029 -1746.70411682 3.000000 
79 15 18 399848.40551710 85456.07044029 -1741.56991577 0.000000 
79 15 17 399848.40551710 85456.07044029 -1731.58843994 0.000000 
79 15 16 399848.40551710 85456.07044029 -1721.58843994 0.000000 
57 26 16 397653.79124441 86552.83886137 -1733.08392334 0.000000 
92 30 16 401143.16453362 86985.74747896 -1709.71051025 0.000000 
180 37 16 409960.19723248 87683.33725309 -1739.20724487 3.000000 
79 15 15 399848.40551710 85456.07044029 -1711.58843994 0.000000 
57 26 15 397653.79124441 86552.83886137 -1723.78976440 0.000000 
143 26 15 406254.82440519 86552.89446545 -1688.09709167 0.000000 
92 30 15 401143.16453362 86985.74747896 -1700.55786133 0.000000 
180 37 15 409960.19723248 87683.33725309 -1732.97702026 0.000000 
146 41 15 406558.88265967 88058.55273533 -1728.56207275 3.000000 
79 15 14 399848.40551710 85456.07044029 -1701.58843994 0.000000 
57 26 14 397653.79124441 86552.83886137 -1713.78976440 0.000000 
143 26 14 406254.82440519 86552.89446545 -1679.41262817 0.000000 
92 30 14 401143.16453362 86985.74747896 -1690.55786133 0.000000 
180 37 14 409960.19723248 87683.33725309 -1722.97702026 0.000000 
146 41 14 406558.88265967 88058.55273533 -1723.54946899 0.000000 
79 15 13 399848.40551710 85456.07044029 -1691.58843994 0.000000 
57 26 13 397653.79124441 86552.83886137 -1703.78976440 0.000000 
143 26 13 406254.82440519 86552.89446545 -1669.41262817 0.000000 
92 30 13 401143.16453362 86985.74747896 -1680.55786133 0.000000 
180 37 13 409960.19723248 87683.33725309 -1712.97702026 0.000000 
146 41 13 406558.88265967 88058.55273533 -1713.59661865 0.000000 
79 15 12 399848.40551710 85456.07044029 -1681.58843994 0.000000 
57 26 12 397653.79124441 86552.83886137 -1693.78976440 0.000000 
143 26 12 406254.82440519 86552.89446545 -1659.41262817 0.000000 
92 30 12 401143.16453362 86985.74747896 -1670.55786133 0.000000 
180 37 12 409960.19723248 87683.33725309 -1702.97702026 0.000000 
146 41 12 406558.88265967 88058.55273533 -1703.59661865 0.000000 
79 15 11 399848.40551710 85456.07044029 -1671.58843994 0.000000 
57 26 11 397653.79124441 86552.83886137 -1683.78976440 0.000000 
143 26 11 406254.82440519 86552.89446545 -1649.41262817 1.000000 
92 30 11 401143.16453362 86985.74747896 -1660.55786133 0.000000 
180 37 11 409960.19723248 87683.33725309 -1692.97702026 0.000000 
146 41 11 406558.88265967 88058.55273533 -1693.59661865 0.000000 
79 15 10 399848.40551710 85456.07044029 -1661.58843994 0.000000 
57 26 10 397653.79124441 86552.83886137 -1673.78976440 0.000000 
143 26 10 406254.82440519 86552.89446545 -1639.41262817 0.000000 
92 30 10 401143.16453362 86985.74747896 -1650.55786133 0.000000 
180 37 10 409960.19723248 87683.33725309 -1682.97702026 0.000000 
146 41 10 406558.88265967 88058.55273533 -1683.59661865 1.000000 
79 15 9 399848.40551710 85456.07044029 -1651.58843994 0.000000 
57 26 9 397653.79124441 86552.83886137 -1663.78976440 0.000000 
143 26 9 406254.82440519 86552.89446545 -1629.41262817 0.000000 
92 30 9 401143.16453362 86985.74747896 -1640.55786133 0.000000 
180 37 9 409960.19723248 87683.33725309 -1672.97702026 0.000000 
146 41 9 406558.88265967 88058.55273533 -1673.59661865 0.000000 
79 15 8 399848.40551710 85456.07044029 -1641.58843994 0.000000 
57 26 8 397653.79124441 86552.83886137 -1653.78976440 0.000000 
143 26 8 406254.82440519 86552.89446545 -1619.41262817 0.000000 
92 30 8 401143.16453362 86985.74747896 -1630.55786133 0.000000 
180 37 8 409960.19723248 87683.33725309 -1662.97702026 0.000000 
146 41 8 406558.88265967 88058.55273533 -1663.59661865 0.000000 
79 15 7 399848.40551710 85456.07044029 -1631.58843994 0.000000 
57 26 7 397653.79124441 86552.83886137 -1643.78976440 0.000000 
143 26 7 406254.82440519 86552.89446545 -1609.41262817 0.000000 
92 30 7 401143.16453362 86985.74747896 -1620.55786133 0.000000 
180 37 7 409960.19723248 87683.33725309 -1652.97702026 0.000000 
146 41 7 406558.88265967 88058.55273533 -1653.59661865 0.000000 
79 15 6 399848.40551710 85456.07044029 -1621.58843994 0.000000 
57 26 6 397653.79124441 86552.83886137 -1633.78976440 0.000000 
143 26 6 406254.82440519 86552.89446545 -1599.41262817 0.000000 
92 30 6 401143.16453362 86985.74747896 -1610.55786133 0.000000 
180 37 6 409960.19723248 87683.33725309 -1642.97702026 0.000000 
146 41 6 406558.88265967 88058.55273533 -1643.59661865 0.000000 
79 15 5 399848.40551710 85456.07044029 -1611.58843994 0.000000 
57 26 5 397653.79124441 86552.83886137 -1623.78976440 0.000000 
143 26 5 406254.82440519 86552.89446545 -1589.41262817 0.000000 
92 30 5 401143.16453362 86985.74747896 -1600.55786133 0.000000 
180 37 5 409960.19723248 87683.33725309 -1632.97702026 0.000000 
146 41 5 406558.88265967 88058.55273533 -1633.59661865 0.000000 
79 15 4 399848.40551710 85456.07044029 -1601.58843994 1.000000 
57 26 4 397653.79124441 86552.83886137 -1613.78976440 0.000000 
143 26 4 406254.82440519 86552.89446545 -1579.41262817 0.000000 
92 30 4 401143.16453362 86985.74747896 -1590.55786133 0.000000 
180 37 4 409960.19723248 87683.33725309 -1622.97702026 0.000000 
146 41 4 406558.88265967 88058.55273533 -1623.59661865 0.000000 
79 15 3 399848.40551710 85456.07044029 -1591.58843994 0.000000 
57 26 3 397653.79124441 86552.83886137 -1603.78976440 0.000000 
143 26 3 406254.82440519 86552.89446545 -1569.41262817 0.000000 
92 30 3 401143.16453362 86985.74747896 -1580.55786133 0.000000 
180 37 3 409960.19723248 87683.33725309 -1612.97702026 0.000000 
146 41 3 406558.88265967 88058.55273533 -1613.59661865 0.000000 
79 15 2 399848.40551710 85456.07044029 -1581.58843994 0.000000 
57 26 2 397653.79124441 86552.83886137 -1593.78976440 0.000000 
143 26 2 406254.82440519 86552.89446545 -1559.41262817 0.000000 
92 30 2 401143.16453362 86985.74747896 -1570.55786133 0.000000 
180 37 2 409960.19723248 87683.33725309 -1602.97702026 0.000000 
146 41 2 406558.88265967 88058.55273533 -1603.59661865 0.000000 
79 15 1 399848.40551710 85456.07044029 -1571.58843994 1.000000 
57 26 1 397653.79124441 86552.83886137 -1583.78976440 0.000000 
143 26 1 406254.82440519 86552.89446545 -1549.41262817 0.000000 
92 30 1 401143.16453362 86985.74747896 -1560.55786133 1.000000 
180 37 1 409960.19723248 87683.33725309 -1592.97702026 0.000000 
146 41 1 406558.88265967 88058.55273533 -1593.59661865 0.000000 
