PETREL: Properties
7
i_index unit1 scale1
j_index unit1 scale1
k_index unit1 scale1
x_coord unit1 scale1
y_coord unit1 scale1
z_coord unit1 scale1
Facies_3(0.8) unit1 scale1
79 15 19 399848.40551710 85456.07044029 -1746.47033691 3.000000 
79 15 18 399848.40551710 85456.07044029 -1741.08383179 0.000000 
57 26 18 397653.79124441 86552.83886137 -1736.04725647 0.000000 
79 15 17 399848.40551710 85456.07044029 -1731.08383179 0.000000 
57 26 17 397653.79124441 86552.83886137 -1729.71643066 0.000000 
79 15 16 399848.40551710 85456.07044029 -1721.08383179 0.000000 
57 26 16 397653.79124441 86552.83886137 -1719.71643066 0.000000 
92 30 16 401143.16453362 86985.74747896 -1712.31520081 0.000000 
180 37 16 409960.19723248 87683.33725309 -1739.04187012 3.000000 
146 41 16 406558.88265967 88058.55273533 -1724.79988098 0.000000 
79 15 15 399848.40551710 85456.07044029 -1711.08383179 0.000000 
57 26 15 397653.79124441 86552.83886137 -1709.71643066 0.000000 
143 26 15 406254.82440519 86552.89446545 -1687.67990112 0.000000 
92 30 15 401143.16453362 86985.74747896 -1705.76724243 1.000000 
180 37 15 409960.19723248 87683.33725309 -1732.64627075 0.000000 
146 41 15 406558.88265967 88058.55273533 -1715.97793579 0.000000 
79 15 14 399848.40551710 85456.07044029 -1701.08383179 0.000000 
57 26 14 397653.79124441 86552.83886137 -1699.71643066 0.000000 
143 26 14 406254.82440519 86552.89446545 -1678.57824707 0.000000 
92 30 14 401143.16453362 86985.74747896 -1695.76724243 0.000000 
180 37 14 409960.19723248 87683.33725309 -1722.64627075 0.000000 
146 41 14 406558.88265967 88058.55273533 -1705.97793579 0.000000 
79 15 13 399848.40551710 85456.07044029 -1691.08383179 0.000000 
57 26 13 397653.79124441 86552.83886137 -1689.71643066 0.000000 
143 26 13 406254.82440519 86552.89446545 -1668.57824707 0.000000 
92 30 13 401143.16453362 86985.74747896 -1685.76724243 0.000000 
180 37 13 409960.19723248 87683.33725309 -1712.64627075 0.000000 
146 41 13 406558.88265967 88058.55273533 -1695.97793579 0.000000 
79 15 12 399848.40551710 85456.07044029 -1681.08383179 0.000000 
57 26 12 397653.79124441 86552.83886137 -1679.71643066 0.000000 
143 26 12 406254.82440519 86552.89446545 -1658.57824707 0.000000 
92 30 12 401143.16453362 86985.74747896 -1675.76724243 0.000000 
180 37 12 409960.19723248 87683.33725309 -1702.64627075 0.000000 
146 41 12 406558.88265967 88058.55273533 -1685.97793579 0.000000 
79 15 11 399848.40551710 85456.07044029 -1671.08383179 0.000000 
57 26 11 397653.79124441 86552.83886137 -1669.71643066 0.000000 
143 26 11 406254.82440519 86552.89446545 -1648.57824707 3.000000 
92 30 11 401143.16453362 86985.74747896 -1665.76724243 0.000000 
180 37 11 409960.19723248 87683.33725309 -1692.64627075 0.000000 
146 41 11 406558.88265967 88058.55273533 -1675.97793579 0.000000 
79 15 10 399848.40551710 85456.07044029 -1661.08383179 0.000000 
57 26 10 397653.79124441 86552.83886137 -1659.71643066 0.000000 
143 26 10 406254.82440519 86552.89446545 -1638.57824707 0.000000 
92 30 10 401143.16453362 86985.74747896 -1655.76724243 0.000000 
180 37 10 409960.19723248 87683.33725309 -1682.64627075 0.000000 
146 41 10 406558.88265967 88058.55273533 -1665.97793579 0.000000 
79 15 9 399848.40551710 85456.07044029 -1651.08383179 0.000000 
57 26 9 397653.79124441 86552.83886137 -1649.71643066 0.000000 
143 26 9 406254.82440519 86552.89446545 -1628.57824707 0.000000 
92 30 9 401143.16453362 86985.74747896 -1645.76724243 0.000000 
180 37 9 409960.19723248 87683.33725309 -1672.64627075 0.000000 
146 41 9 406558.88265967 88058.55273533 -1655.97793579 0.000000 
79 15 8 399848.40551710 85456.07044029 -1641.08383179 0.000000 
57 26 8 397653.79124441 86552.83886137 -1639.71643066 0.000000 
143 26 8 406254.82440519 86552.89446545 -1618.57824707 0.000000 
92 30 8 401143.16453362 86985.74747896 -1635.76724243 0.000000 
180 37 8 409960.19723248 87683.33725309 -1662.64627075 0.000000 
146 41 8 406558.88265967 88058.55273533 -1645.97793579 0.000000 
79 15 7 399848.40551710 85456.07044029 -1631.08383179 0.000000 
57 26 7 397653.79124441 86552.83886137 -1629.71643066 0.000000 
143 26 7 406254.82440519 86552.89446545 -1608.57824707 0.000000 
92 30 7 401143.16453362 86985.74747896 -1625.76724243 0.000000 
180 37 7 409960.19723248 87683.33725309 -1652.64627075 0.000000 
146 41 7 406558.88265967 88058.55273533 -1635.97793579 0.000000 
79 15 6 399848.40551710 85456.07044029 -1621.08383179 0.000000 
57 26 6 397653.79124441 86552.83886137 -1619.71643066 0.000000 
143 26 6 406254.82440519 86552.89446545 -1598.57824707 0.000000 
92 30 6 401143.16453362 86985.74747896 -1615.76724243 0.000000 
180 37 6 409960.19723248 87683.33725309 -1642.64627075 0.000000 
146 41 6 406558.88265967 88058.55273533 -1625.97793579 0.000000 
79 15 5 399848.40551710 85456.07044029 -1611.08383179 0.000000 
57 26 5 397653.79124441 86552.83886137 -1609.71643066 0.000000 
143 26 5 406254.82440519 86552.89446545 -1588.57824707 0.000000 
92 30 5 401143.16453362 86985.74747896 -1605.76724243 0.000000 
180 37 5 409960.19723248 87683.33725309 -1632.64627075 0.000000 
146 41 5 406558.88265967 88058.55273533 -1615.97793579 0.000000 
79 15 4 399848.40551710 85456.07044029 -1601.08383179 1.000000 
57 26 4 397653.79124441 86552.83886137 -1599.71643066 0.000000 
143 26 4 406254.82440519 86552.89446545 -1578.57824707 0.000000 
92 30 4 401143.16453362 86985.74747896 -1595.76724243 0.000000 
180 37 4 409960.19723248 87683.33725309 -1622.64627075 0.000000 
146 41 4 406558.88265967 88058.55273533 -1605.97793579 0.000000 
79 15 3 399848.40551710 85456.07044029 -1591.08383179 0.000000 
57 26 3 397653.79124441 86552.83886137 -1589.71643066 0.000000 
143 26 3 406254.82440519 86552.89446545 -1568.57824707 0.000000 
92 30 3 401143.16453362 86985.74747896 -1585.76724243 0.000000 
180 37 3 409960.19723248 87683.33725309 -1612.64627075 0.000000 
146 41 3 406558.88265967 88058.55273533 -1595.97793579 0.000000 
79 15 2 399848.40551710 85456.07044029 -1581.08383179 0.000000 
57 26 2 397653.79124441 86552.83886137 -1579.71643066 0.000000 
143 26 2 406254.82440519 86552.89446545 -1558.57824707 0.000000 
92 30 2 401143.16453362 86985.74747896 -1575.76724243 0.000000 
180 37 2 409960.19723248 87683.33725309 -1602.64627075 0.000000 
146 41 2 406558.88265967 88058.55273533 -1585.97793579 3.000000 
79 15 1 399848.40551710 85456.07044029 -1571.08383179 1.000000 
57 26 1 397653.79124441 86552.83886137 -1569.71643066 0.000000 
143 26 1 406254.82440519 86552.89446545 -1548.57824707 0.000000 
92 30 1 401143.16453362 86985.74747896 -1565.76724243 3.000000 
180 37 1 409960.19723248 87683.33725309 -1592.64627075 0.000000 
146 41 1 406558.88265967 88058.55273533 -1575.97793579 0.000000 
