PETREL: Properties
7
i_index unit1 scale1
j_index unit1 scale1
k_index unit1 scale1
x_coord unit1 scale1
y_coord unit1 scale1
z_coord unit1 scale1
Facies_2(0.7) unit1 scale1
79 15 18 399848.40551710 85456.07044029 -1743.18540955 0.000000 
79 15 17 399848.40551710 85456.07044029 -1734.51397705 1.000000 
57 26 17 397653.79124441 86552.83886137 -1733.59037781 0.000000 
79 15 16 399848.40551710 85456.07044029 -1724.51397705 0.000000 
57 26 16 397653.79124441 86552.83886137 -1724.80267334 0.000000 
146 41 16 406558.88265967 88058.55273533 -1727.14601135 0.000000 
79 15 15 399848.40551710 85456.07044029 -1714.51397705 0.000000 
57 26 15 397653.79124441 86552.83886137 -1714.80267334 0.000000 
143 26 15 406254.82440519 86552.89446545 -1689.67098999 0.000000 
92 30 15 401143.16453362 86985.74747896 -1711.47430420 1.000000 
180 37 15 409960.19723248 87683.33725309 -1738.71618652 3.000000 
146 41 15 406558.88265967 88058.55273533 -1720.67019653 0.000000 
79 15 14 399848.40551710 85456.07044029 -1704.51397705 0.000000 
57 26 14 397653.79124441 86552.83886137 -1704.80267334 0.000000 
143 26 14 406254.82440519 86552.89446545 -1682.56042480 0.000000 
92 30 14 401143.16453362 86985.74747896 -1704.08544922 1.000000 
180 37 14 409960.19723248 87683.33725309 -1731.99490356 0.000000 
146 41 14 406558.88265967 88058.55273533 -1710.67019653 0.000000 
79 15 13 399848.40551710 85456.07044029 -1694.51397705 0.000000 
57 26 13 397653.79124441 86552.83886137 -1694.80267334 0.000000 
143 26 13 406254.82440519 86552.89446545 -1672.56042480 0.000000 
92 30 13 401143.16453362 86985.74747896 -1694.08544922 0.000000 
180 37 13 409960.19723248 87683.33725309 -1721.99490356 0.000000 
146 41 13 406558.88265967 88058.55273533 -1700.67019653 0.000000 
79 15 12 399848.40551710 85456.07044029 -1684.51397705 0.000000 
57 26 12 397653.79124441 86552.83886137 -1684.80267334 0.000000 
143 26 12 406254.82440519 86552.89446545 -1662.56042480 0.000000 
92 30 12 401143.16453362 86985.74747896 -1684.08544922 0.000000 
180 37 12 409960.19723248 87683.33725309 -1711.99490356 0.000000 
146 41 12 406558.88265967 88058.55273533 -1690.67019653 0.000000 
79 15 11 399848.40551710 85456.07044029 -1674.51397705 0.000000 
57 26 11 397653.79124441 86552.83886137 -1674.80267334 0.000000 
143 26 11 406254.82440519 86552.89446545 -1652.56042480 1.000000 
92 30 11 401143.16453362 86985.74747896 -1674.08544922 3.000000 
180 37 11 409960.19723248 87683.33725309 -1701.99490356 0.000000 
146 41 11 406558.88265967 88058.55273533 -1680.67019653 1.000000 
79 15 10 399848.40551710 85456.07044029 -1664.51397705 0.000000 
57 26 10 397653.79124441 86552.83886137 -1664.80267334 0.000000 
143 26 10 406254.82440519 86552.89446545 -1642.56042480 0.000000 
92 30 10 401143.16453362 86985.74747896 -1664.08544922 0.000000 
180 37 10 409960.19723248 87683.33725309 -1691.99490356 0.000000 
146 41 10 406558.88265967 88058.55273533 -1670.67019653 0.000000 
79 15 9 399848.40551710 85456.07044029 -1654.51397705 0.000000 
57 26 9 397653.79124441 86552.83886137 -1654.80267334 0.000000 
143 26 9 406254.82440519 86552.89446545 -1632.56042480 1.000000 
92 30 9 401143.16453362 86985.74747896 -1654.08544922 0.000000 
180 37 9 409960.19723248 87683.33725309 -1681.99490356 1.000000 
146 41 9 406558.88265967 88058.55273533 -1660.67019653 0.000000 
79 15 8 399848.40551710 85456.07044029 -1644.51397705 0.000000 
57 26 8 397653.79124441 86552.83886137 -1644.80267334 0.000000 
143 26 8 406254.82440519 86552.89446545 -1622.56042480 0.000000 
92 30 8 401143.16453362 86985.74747896 -1644.08544922 0.000000 
180 37 8 409960.19723248 87683.33725309 -1671.99490356 0.000000 
146 41 8 406558.88265967 88058.55273533 -1650.67019653 0.000000 
79 15 7 399848.40551710 85456.07044029 -1634.51397705 0.000000 
57 26 7 397653.79124441 86552.83886137 -1634.80267334 0.000000 
143 26 7 406254.82440519 86552.89446545 -1612.56042480 0.000000 
92 30 7 401143.16453362 86985.74747896 -1634.08544922 0.000000 
180 37 7 409960.19723248 87683.33725309 -1661.99490356 0.000000 
146 41 7 406558.88265967 88058.55273533 -1640.67019653 0.000000 
79 15 6 399848.40551710 85456.07044029 -1624.51397705 0.000000 
57 26 6 397653.79124441 86552.83886137 -1624.80267334 0.000000 
143 26 6 406254.82440519 86552.89446545 -1602.56042480 0.000000 
92 30 6 401143.16453362 86985.74747896 -1624.08544922 0.000000 
180 37 6 409960.19723248 87683.33725309 -1651.99490356 0.000000 
146 41 6 406558.88265967 88058.55273533 -1630.67019653 0.000000 
79 15 5 399848.40551710 85456.07044029 -1614.51397705 0.000000 
57 26 5 397653.79124441 86552.83886137 -1614.80267334 0.000000 
143 26 5 406254.82440519 86552.89446545 -1592.56042480 0.000000 
92 30 5 401143.16453362 86985.74747896 -1614.08544922 0.000000 
180 37 5 409960.19723248 87683.33725309 -1641.99490356 0.000000 
146 41 5 406558.88265967 88058.55273533 -1620.67019653 0.000000 
79 15 4 399848.40551710 85456.07044029 -1604.51397705 1.000000 
57 26 4 397653.79124441 86552.83886137 -1604.80267334 0.000000 
143 26 4 406254.82440519 86552.89446545 -1582.56042480 0.000000 
92 30 4 401143.16453362 86985.74747896 -1604.08544922 0.000000 
180 37 4 409960.19723248 87683.33725309 -1631.99490356 0.000000 
146 41 4 406558.88265967 88058.55273533 -1610.67019653 0.000000 
79 15 3 399848.40551710 85456.07044029 -1594.51397705 0.000000 
57 26 3 397653.79124441 86552.83886137 -1594.80267334 0.000000 
143 26 3 406254.82440519 86552.89446545 -1572.56042480 0.000000 
92 30 3 401143.16453362 86985.74747896 -1594.08544922 0.000000 
180 37 3 409960.19723248 87683.33725309 -1621.99490356 0.000000 
146 41 3 406558.88265967 88058.55273533 -1600.67019653 0.000000 
79 15 2 399848.40551710 85456.07044029 -1584.51397705 0.000000 
57 26 2 397653.79124441 86552.83886137 -1584.80267334 0.000000 
143 26 2 406254.82440519 86552.89446545 -1562.56042480 0.000000 
92 30 2 401143.16453362 86985.74747896 -1584.08544922 0.000000 
180 37 2 409960.19723248 87683.33725309 -1611.99490356 0.000000 
146 41 2 406558.88265967 88058.55273533 -1590.67019653 0.000000 
79 15 1 399848.40551710 85456.07044029 -1574.51397705 1.000000 
57 26 1 397653.79124441 86552.83886137 -1574.80267334 1.000000 
143 26 1 406254.82440519 86552.89446545 -1552.56042480 0.000000 
92 30 1 401143.16453362 86985.74747896 -1574.08544922 0.000000 
180 37 1 409960.19723248 87683.33725309 -1601.99490356 0.000000 
146 41 1 406558.88265967 88058.55273533 -1580.67019653 0.000000 
