PETREL: Properties
7
i_index unit1 scale1
j_index unit1 scale1
k_index unit1 scale1
x_coord unit1 scale1
y_coord unit1 scale1
z_coord unit1 scale1
Facies_1(0.6) unit1 scale1
40 8 37 399939.67115402 85543.63894610 -1745.24362183 3.000000 
40 8 36 399939.67115402 85543.63894610 -1743.01434326 3.000000 
40 8 35 399939.67115402 85543.63894610 -1738.33297729 1.000000 
40 8 34 399939.67115402 85543.63894610 -1733.33297729 1.000000 
40 8 33 399939.67115402 85543.63894610 -1728.33297729 1.000000 
40 8 32 399939.67115402 85543.63894610 -1723.33297729 0.000000 
28 13 32 397566.67953255 86512.28107720 -1733.73849487 0.000000 
46 15 32 401098.32903481 86949.90929276 -1710.50329590 1.000000 
40 8 31 399939.67115402 85543.63894610 -1718.33297729 1.000000 
28 13 31 397566.67953255 86512.28107720 -1729.56716919 0.000000 
46 15 31 401098.32903481 86949.90929276 -1706.09436035 1.000000 
90 19 31 409920.92297459 87629.36230510 -1737.27066040 3.000000 
40 8 30 399939.67115402 85543.63894610 -1713.33297729 0.000000 
28 13 30 397566.67953255 86512.28107720 -1724.56716919 0.000000 
72 13 30 406311.88760185 86565.69370664 -1690.56665039 0.000000 
46 15 30 401098.32903481 86949.90929276 -1701.09436035 1.000000 
90 19 30 409920.92297459 87629.36230510 -1733.55410767 3.000000 
40 8 29 399939.67115402 85543.63894610 -1708.33297729 0.000000 
28 13 29 397566.67953255 86512.28107720 -1719.56716919 0.000000 
72 13 29 406311.88760185 86565.69370664 -1686.92382813 0.000000 
46 15 29 401098.32903481 86949.90929276 -1696.09436035 1.000000 
90 19 29 409920.92297459 87629.36230510 -1728.55410767 0.000000 
73 20 29 406554.97680187 88008.86289420 -1726.03506470 3.000000 
40 8 28 399939.67115402 85543.63894610 -1703.33297729 0.000000 
28 13 28 397566.67953255 86512.28107720 -1714.56716919 1.000000 
72 13 28 406311.88760185 86565.69370664 -1681.92382813 0.000000 
46 15 28 401098.32903481 86949.90929276 -1691.09436035 1.000000 
90 19 28 409920.92297459 87629.36230510 -1723.55410767 1.000000 
73 20 28 406554.97680187 88008.86289420 -1723.41946411 0.000000 
40 8 27 399939.67115402 85543.63894610 -1698.33297729 0.000000 
28 13 27 397566.67953255 86512.28107720 -1709.56716919 0.000000 
72 13 27 406311.88760185 86565.69370664 -1676.92382813 1.000000 
46 15 27 401098.32903481 86949.90929276 -1686.09436035 1.000000 
90 19 27 409920.92297459 87629.36230510 -1718.55410767 0.000000 
73 20 27 406554.97680187 88008.86289420 -1718.46765137 0.000000 
40 8 26 399939.67115402 85543.63894610 -1693.33297729 1.000000 
28 13 26 397566.67953255 86512.28107720 -1704.56716919 0.000000 
72 13 26 406311.88760185 86565.69370664 -1671.92382813 1.000000 
46 15 26 401098.32903481 86949.90929276 -1681.09436035 0.000000 
90 19 26 409920.92297459 87629.36230510 -1713.55410767 0.000000 
73 20 26 406554.97680187 88008.86289420 -1713.46765137 0.000000 
40 8 25 399939.67115402 85543.63894610 -1688.33297729 0.000000 
28 13 25 397566.67953255 86512.28107720 -1699.56716919 1.000000 
72 13 25 406311.88760185 86565.69370664 -1666.92382813 1.000000 
46 15 25 401098.32903481 86949.90929276 -1676.09436035 1.000000 
90 19 25 409920.92297459 87629.36230510 -1708.55410767 1.000000 
73 20 25 406554.97680187 88008.86289420 -1708.46765137 0.000000 
40 8 24 399939.67115402 85543.63894610 -1683.33297729 0.000000 
28 13 24 397566.67953255 86512.28107720 -1694.56716919 0.000000 
72 13 24 406311.88760185 86565.69370664 -1661.92382813 0.000000 
46 15 24 401098.32903481 86949.90929276 -1671.09436035 3.000000 
90 19 24 409920.92297459 87629.36230510 -1703.55410767 0.000000 
73 20 24 406554.97680187 88008.86289420 -1703.46765137 1.000000 
40 8 23 399939.67115402 85543.63894610 -1678.33297729 1.000000 
28 13 23 397566.67953255 86512.28107720 -1689.56716919 0.000000 
72 13 23 406311.88760185 86565.69370664 -1656.92382813 0.000000 
46 15 23 401098.32903481 86949.90929276 -1666.09436035 0.000000 
90 19 23 409920.92297459 87629.36230510 -1698.55410767 1.000000 
73 20 23 406554.97680187 88008.86289420 -1698.46765137 0.000000 
40 8 22 399939.67115402 85543.63894610 -1673.33297729 1.000000 
28 13 22 397566.67953255 86512.28107720 -1684.56716919 0.000000 
72 13 22 406311.88760185 86565.69370664 -1651.92382813 1.000000 
46 15 22 401098.32903481 86949.90929276 -1661.09436035 1.000000 
90 19 22 409920.92297459 87629.36230510 -1693.55410767 3.000000 
73 20 22 406554.97680187 88008.86289420 -1693.46765137 0.000000 
40 8 21 399939.67115402 85543.63894610 -1668.33297729 0.000000 
28 13 21 397566.67953255 86512.28107720 -1679.56716919 1.000000 
72 13 21 406311.88760185 86565.69370664 -1646.92382813 3.000000 
46 15 21 401098.32903481 86949.90929276 -1656.09436035 1.000000 
90 19 21 409920.92297459 87629.36230510 -1688.55410767 0.000000 
73 20 21 406554.97680187 88008.86289420 -1688.46765137 0.000000 
40 8 20 399939.67115402 85543.63894610 -1663.33297729 0.000000 
28 13 20 397566.67953255 86512.28107720 -1674.56716919 0.000000 
72 13 20 406311.88760185 86565.69370664 -1641.92382813 0.000000 
46 15 20 401098.32903481 86949.90929276 -1651.09436035 0.000000 
90 19 20 409920.92297459 87629.36230510 -1683.55410767 1.000000 
73 20 20 406554.97680187 88008.86289420 -1683.46765137 1.000000 
40 8 19 399939.67115402 85543.63894610 -1658.33297729 0.000000 
28 13 19 397566.67953255 86512.28107720 -1669.56716919 0.000000 
72 13 19 406311.88760185 86565.69370664 -1636.92382813 0.000000 
46 15 19 401098.32903481 86949.90929276 -1646.09436035 0.000000 
90 19 19 409920.92297459 87629.36230510 -1678.55410767 1.000000 
73 20 19 406554.97680187 88008.86289420 -1678.46765137 1.000000 
40 8 18 399939.67115402 85543.63894610 -1653.33297729 0.000000 
28 13 18 397566.67953255 86512.28107720 -1664.56716919 0.000000 
72 13 18 406311.88760185 86565.69370664 -1631.92382813 1.000000 
46 15 18 401098.32903481 86949.90929276 -1641.09436035 0.000000 
90 19 18 409920.92297459 87629.36230510 -1673.55410767 0.000000 
73 20 18 406554.97680187 88008.86289420 -1673.46765137 0.000000 
40 8 17 399939.67115402 85543.63894610 -1648.33297729 0.000000 
28 13 17 397566.67953255 86512.28107720 -1659.56716919 0.000000 
72 13 17 406311.88760185 86565.69370664 -1626.92382813 1.000000 
46 15 17 401098.32903481 86949.90929276 -1636.09436035 0.000000 
90 19 17 409920.92297459 87629.36230510 -1668.55410767 0.000000 
73 20 17 406554.97680187 88008.86289420 -1668.46765137 0.000000 
40 8 16 399939.67115402 85543.63894610 -1643.33297729 0.000000 
28 13 16 397566.67953255 86512.28107720 -1654.56716919 0.000000 
72 13 16 406311.88760185 86565.69370664 -1621.92382813 0.000000 
46 15 16 401098.32903481 86949.90929276 -1631.09436035 0.000000 
90 19 16 409920.92297459 87629.36230510 -1663.55410767 0.000000 
73 20 16 406554.97680187 88008.86289420 -1663.46765137 1.000000 
40 8 15 399939.67115402 85543.63894610 -1638.33297729 0.000000 
28 13 15 397566.67953255 86512.28107720 -1649.56716919 0.000000 
72 13 15 406311.88760185 86565.69370664 -1616.92382813 0.000000 
46 15 15 401098.32903481 86949.90929276 -1626.09436035 0.000000 
90 19 15 409920.92297459 87629.36230510 -1658.55410767 0.000000 
73 20 15 406554.97680187 88008.86289420 -1658.46765137 0.000000 
40 8 14 399939.67115402 85543.63894610 -1633.33297729 0.000000 
28 13 14 397566.67953255 86512.28107720 -1644.56716919 0.000000 
72 13 14 406311.88760185 86565.69370664 -1611.92382813 0.000000 
46 15 14 401098.32903481 86949.90929276 -1621.09436035 0.000000 
90 19 14 409920.92297459 87629.36230510 -1653.55410767 0.000000 
73 20 14 406554.97680187 88008.86289420 -1653.46765137 0.000000 
40 8 13 399939.67115402 85543.63894610 -1628.33297729 0.000000 
28 13 13 397566.67953255 86512.28107720 -1639.56716919 0.000000 
72 13 13 406311.88760185 86565.69370664 -1606.92382813 1.000000 
46 15 13 401098.32903481 86949.90929276 -1616.09436035 0.000000 
90 19 13 409920.92297459 87629.36230510 -1648.55410767 1.000000 
73 20 13 406554.97680187 88008.86289420 -1648.46765137 0.000000 
40 8 12 399939.67115402 85543.63894610 -1623.33297729 0.000000 
28 13 12 397566.67953255 86512.28107720 -1634.56716919 0.000000 
72 13 12 406311.88760185 86565.69370664 -1601.92382813 0.000000 
46 15 12 401098.32903481 86949.90929276 -1611.09436035 0.000000 
90 19 12 409920.92297459 87629.36230510 -1643.55410767 0.000000 
73 20 12 406554.97680187 88008.86289420 -1643.46765137 0.000000 
40 8 11 399939.67115402 85543.63894610 -1618.33297729 1.000000 
28 13 11 397566.67953255 86512.28107720 -1629.56716919 0.000000 
72 13 11 406311.88760185 86565.69370664 -1596.92382813 0.000000 
46 15 11 401098.32903481 86949.90929276 -1606.09436035 0.000000 
90 19 11 409920.92297459 87629.36230510 -1638.55410767 0.000000 
73 20 11 406554.97680187 88008.86289420 -1638.46765137 0.000000 
40 8 10 399939.67115402 85543.63894610 -1613.33297729 0.000000 
28 13 10 397566.67953255 86512.28107720 -1624.56716919 0.000000 
72 13 10 406311.88760185 86565.69370664 -1591.92382813 0.000000 
46 15 10 401098.32903481 86949.90929276 -1601.09436035 0.000000 
90 19 10 409920.92297459 87629.36230510 -1633.55410767 0.000000 
73 20 10 406554.97680187 88008.86289420 -1633.46765137 0.000000 
40 8 9 399939.67115402 85543.63894610 -1608.33297729 1.000000 
28 13 9 397566.67953255 86512.28107720 -1619.56716919 0.000000 
72 13 9 406311.88760185 86565.69370664 -1586.92382813 0.000000 
46 15 9 401098.32903481 86949.90929276 -1596.09436035 1.000000 
90 19 9 409920.92297459 87629.36230510 -1628.55410767 1.000000 
73 20 9 406554.97680187 88008.86289420 -1628.46765137 0.000000 
40 8 8 399939.67115402 85543.63894610 -1603.33297729 1.000000 
28 13 8 397566.67953255 86512.28107720 -1614.56716919 0.000000 
72 13 8 406311.88760185 86565.69370664 -1581.92382813 1.000000 
46 15 8 401098.32903481 86949.90929276 -1591.09436035 0.000000 
90 19 8 409920.92297459 87629.36230510 -1623.55410767 0.000000 
73 20 8 406554.97680187 88008.86289420 -1623.46765137 0.000000 
40 8 7 399939.67115402 85543.63894610 -1598.33297729 1.000000 
28 13 7 397566.67953255 86512.28107720 -1609.56716919 0.000000 
72 13 7 406311.88760185 86565.69370664 -1576.92382813 0.000000 
46 15 7 401098.32903481 86949.90929276 -1586.09436035 1.000000 
90 19 7 409920.92297459 87629.36230510 -1618.55410767 0.000000 
73 20 7 406554.97680187 88008.86289420 -1618.46765137 0.000000 
40 8 6 399939.67115402 85543.63894610 -1593.33297729 0.000000 
28 13 6 397566.67953255 86512.28107720 -1604.56716919 0.000000 
72 13 6 406311.88760185 86565.69370664 -1571.92382813 0.000000 
46 15 6 401098.32903481 86949.90929276 -1581.09436035 1.000000 
90 19 6 409920.92297459 87629.36230510 -1613.55410767 0.000000 
73 20 6 406554.97680187 88008.86289420 -1613.46765137 1.000000 
40 8 5 399939.67115402 85543.63894610 -1588.33297729 1.000000 
28 13 5 397566.67953255 86512.28107720 -1599.56716919 0.000000 
72 13 5 406311.88760185 86565.69370664 -1566.92382813 0.000000 
46 15 5 401098.32903481 86949.90929276 -1576.09436035 0.000000 
90 19 5 409920.92297459 87629.36230510 -1608.55410767 0.000000 
73 20 5 406554.97680187 88008.86289420 -1608.46765137 0.000000 
40 8 4 399939.67115402 85543.63894610 -1583.33297729 0.000000 
28 13 4 397566.67953255 86512.28107720 -1594.56716919 0.000000 
72 13 4 406311.88760185 86565.69370664 -1561.92382813 0.000000 
46 15 4 401098.32903481 86949.90929276 -1571.09436035 0.000000 
90 19 4 409920.92297459 87629.36230510 -1603.55410767 0.000000 
73 20 4 406554.97680187 88008.86289420 -1603.46765137 0.000000 
40 8 3 399939.67115402 85543.63894610 -1578.33297729 0.000000 
28 13 3 397566.67953255 86512.28107720 -1589.56716919 0.000000 
72 13 3 406311.88760185 86565.69370664 -1556.92382813 0.000000 
46 15 3 401098.32903481 86949.90929276 -1566.09436035 3.000000 
90 19 3 409920.92297459 87629.36230510 -1598.55410767 1.000000 
73 20 3 406554.97680187 88008.86289420 -1598.46765137 1.000000 
40 8 2 399939.67115402 85543.63894610 -1573.33297729 1.000000 
28 13 2 397566.67953255 86512.28107720 -1584.56716919 1.000000 
72 13 2 406311.88760185 86565.69370664 -1551.92382813 0.000000 
46 15 2 401098.32903481 86949.90929276 -1561.09436035 1.000000 
90 19 2 409920.92297459 87629.36230510 -1593.55410767 0.000000 
73 20 2 406554.97680187 88008.86289420 -1593.46765137 0.000000 
40 8 1 399939.67115402 85543.63894610 -1568.33297729 1.000000 
28 13 1 397566.67953255 86512.28107720 -1579.56716919 0.000000 
72 13 1 406311.88760185 86565.69370664 -1546.92382813 1.000000 
46 15 1 401098.32903481 86949.90929276 -1556.09436035 3.000000 
90 19 1 409920.92297459 87629.36230510 -1588.55410767 1.000000 
73 20 1 406554.97680187 88008.86289420 -1588.46765137 0.000000 
