PETREL: Properties
7
i_index unit1 scale1
j_index unit1 scale1
k_index unit1 scale1
x_coord unit1 scale1
y_coord unit1 scale1
z_coord unit1 scale1
Facies_1(0.6) unit1 scale1
40 8 37 399939.67115402 85543.63894610 -1745.17782593 3.000000 
40 8 36 399939.67115402 85543.63894610 -1742.86355591 3.000000 
40 8 35 399939.67115402 85543.63894610 -1738.16299438 1.000000 
28 13 35 397566.67953255 86512.28107720 -1733.92524719 0.000000 
40 8 34 399939.67115402 85543.63894610 -1733.16299438 1.000000 
28 13 34 397566.67953255 86512.28107720 -1729.94067383 3.000000 
40 8 33 399939.67115402 85543.63894610 -1728.16299438 1.000000 
28 13 33 397566.67953255 86512.28107720 -1724.94067383 0.000000 
40 8 32 399939.67115402 85543.63894610 -1723.16299438 1.000000 
28 13 32 397566.67953255 86512.28107720 -1719.94067383 0.000000 
73 20 32 406554.97680187 88008.86289420 -1725.02725220 0.000000 
40 8 31 399939.67115402 85543.63894610 -1718.16299438 1.000000 
28 13 31 397566.67953255 86512.28107720 -1714.94067383 0.000000 
46 15 31 401098.32903481 86949.90929276 -1710.61759949 1.000000 
90 19 31 409920.92297459 87629.36230510 -1737.09938049 3.000000 
73 20 31 406554.97680187 88008.86289420 -1721.35565186 0.000000 
40 8 30 399939.67115402 85543.63894610 -1713.16299438 0.000000 
28 13 30 397566.67953255 86512.28107720 -1709.94067383 0.000000 
72 13 30 406311.88760185 86565.69370664 -1690.11691284 0.000000 
46 15 30 401098.32903481 86949.90929276 -1706.28414917 1.000000 
90 19 30 409920.92297459 87629.36230510 -1733.21154785 3.000000 
73 20 30 406554.97680187 88008.86289420 -1716.35565186 0.000000 
40 8 29 399939.67115402 85543.63894610 -1708.16299438 0.000000 
28 13 29 397566.67953255 86512.28107720 -1704.94067383 0.000000 
72 13 29 406311.88760185 86565.69370664 -1686.02435303 0.000000 
46 15 29 401098.32903481 86949.90929276 -1701.28414917 1.000000 
90 19 29 409920.92297459 87629.36230510 -1728.21154785 0.000000 
73 20 29 406554.97680187 88008.86289420 -1711.35565186 0.000000 
40 8 28 399939.67115402 85543.63894610 -1703.16299438 0.000000 
28 13 28 397566.67953255 86512.28107720 -1699.94067383 1.000000 
72 13 28 406311.88760185 86565.69370664 -1681.02435303 0.000000 
46 15 28 401098.32903481 86949.90929276 -1696.28414917 1.000000 
90 19 28 409920.92297459 87629.36230510 -1723.21154785 1.000000 
73 20 28 406554.97680187 88008.86289420 -1706.35565186 0.000000 
40 8 27 399939.67115402 85543.63894610 -1698.16299438 1.000000 
28 13 27 397566.67953255 86512.28107720 -1694.94067383 0.000000 
72 13 27 406311.88760185 86565.69370664 -1676.02435303 1.000000 
46 15 27 401098.32903481 86949.90929276 -1691.28414917 1.000000 
90 19 27 409920.92297459 87629.36230510 -1718.21154785 0.000000 
73 20 27 406554.97680187 88008.86289420 -1701.35565186 0.000000 
40 8 26 399939.67115402 85543.63894610 -1693.16299438 1.000000 
28 13 26 397566.67953255 86512.28107720 -1689.94067383 0.000000 
72 13 26 406311.88760185 86565.69370664 -1671.02435303 1.000000 
46 15 26 401098.32903481 86949.90929276 -1686.28414917 1.000000 
90 19 26 409920.92297459 87629.36230510 -1713.21154785 0.000000 
73 20 26 406554.97680187 88008.86289420 -1696.35565186 0.000000 
40 8 25 399939.67115402 85543.63894610 -1688.16299438 0.000000 
28 13 25 397566.67953255 86512.28107720 -1684.94067383 0.000000 
72 13 25 406311.88760185 86565.69370664 -1666.02435303 1.000000 
46 15 25 401098.32903481 86949.90929276 -1681.28414917 0.000000 
90 19 25 409920.92297459 87629.36230510 -1708.21154785 1.000000 
73 20 25 406554.97680187 88008.86289420 -1691.35565186 0.000000 
40 8 24 399939.67115402 85543.63894610 -1683.16299438 0.000000 
28 13 24 397566.67953255 86512.28107720 -1679.94067383 1.000000 
72 13 24 406311.88760185 86565.69370664 -1661.02435303 1.000000 
46 15 24 401098.32903481 86949.90929276 -1676.28414917 1.000000 
90 19 24 409920.92297459 87629.36230510 -1703.21154785 0.000000 
73 20 24 406554.97680187 88008.86289420 -1686.35565186 0.000000 
40 8 23 399939.67115402 85543.63894610 -1678.16299438 1.000000 
28 13 23 397566.67953255 86512.28107720 -1674.94067383 0.000000 
72 13 23 406311.88760185 86565.69370664 -1656.02435303 0.000000 
46 15 23 401098.32903481 86949.90929276 -1671.28414917 3.000000 
90 19 23 409920.92297459 87629.36230510 -1698.21154785 1.000000 
73 20 23 406554.97680187 88008.86289420 -1681.35565186 1.000000 
40 8 22 399939.67115402 85543.63894610 -1673.16299438 1.000000 
28 13 22 397566.67953255 86512.28107720 -1669.94067383 0.000000 
72 13 22 406311.88760185 86565.69370664 -1651.02435303 3.000000 
46 15 22 401098.32903481 86949.90929276 -1666.28414917 0.000000 
90 19 22 409920.92297459 87629.36230510 -1693.21154785 0.000000 
73 20 22 406554.97680187 88008.86289420 -1676.35565186 1.000000 
40 8 21 399939.67115402 85543.63894610 -1668.16299438 0.000000 
28 13 21 397566.67953255 86512.28107720 -1664.94067383 0.000000 
72 13 21 406311.88760185 86565.69370664 -1646.02435303 1.000000 
46 15 21 401098.32903481 86949.90929276 -1661.28414917 1.000000 
90 19 21 409920.92297459 87629.36230510 -1688.21154785 0.000000 
73 20 21 406554.97680187 88008.86289420 -1671.35565186 0.000000 
40 8 20 399939.67115402 85543.63894610 -1663.16299438 0.000000 
28 13 20 397566.67953255 86512.28107720 -1659.94067383 0.000000 
72 13 20 406311.88760185 86565.69370664 -1641.02435303 0.000000 
46 15 20 401098.32903481 86949.90929276 -1656.28414917 1.000000 
90 19 20 409920.92297459 87629.36230510 -1683.21154785 1.000000 
73 20 20 406554.97680187 88008.86289420 -1666.35565186 0.000000 
40 8 19 399939.67115402 85543.63894610 -1658.16299438 0.000000 
28 13 19 397566.67953255 86512.28107720 -1654.94067383 0.000000 
72 13 19 406311.88760185 86565.69370664 -1636.02435303 1.000000 
46 15 19 401098.32903481 86949.90929276 -1651.28414917 0.000000 
90 19 19 409920.92297459 87629.36230510 -1678.21154785 1.000000 
73 20 19 406554.97680187 88008.86289420 -1661.35565186 0.000000 
40 8 18 399939.67115402 85543.63894610 -1653.16299438 0.000000 
28 13 18 397566.67953255 86512.28107720 -1649.94067383 0.000000 
72 13 18 406311.88760185 86565.69370664 -1631.02435303 1.000000 
46 15 18 401098.32903481 86949.90929276 -1646.28414917 0.000000 
90 19 18 409920.92297459 87629.36230510 -1673.21154785 0.000000 
73 20 18 406554.97680187 88008.86289420 -1656.35565186 0.000000 
40 8 17 399939.67115402 85543.63894610 -1648.16299438 0.000000 
28 13 17 397566.67953255 86512.28107720 -1644.94067383 0.000000 
72 13 17 406311.88760185 86565.69370664 -1626.02435303 1.000000 
46 15 17 401098.32903481 86949.90929276 -1641.28414917 0.000000 
90 19 17 409920.92297459 87629.36230510 -1668.21154785 0.000000 
73 20 17 406554.97680187 88008.86289420 -1651.35565186 0.000000 
40 8 16 399939.67115402 85543.63894610 -1643.16299438 0.000000 
28 13 16 397566.67953255 86512.28107720 -1639.94067383 0.000000 
72 13 16 406311.88760185 86565.69370664 -1621.02435303 0.000000 
46 15 16 401098.32903481 86949.90929276 -1636.28414917 0.000000 
90 19 16 409920.92297459 87629.36230510 -1663.21154785 0.000000 
73 20 16 406554.97680187 88008.86289420 -1646.35565186 0.000000 
40 8 15 399939.67115402 85543.63894610 -1638.16299438 0.000000 
28 13 15 397566.67953255 86512.28107720 -1634.94067383 0.000000 
72 13 15 406311.88760185 86565.69370664 -1616.02435303 0.000000 
46 15 15 401098.32903481 86949.90929276 -1631.28414917 0.000000 
90 19 15 409920.92297459 87629.36230510 -1658.21154785 0.000000 
73 20 15 406554.97680187 88008.86289420 -1641.35565186 0.000000 
40 8 14 399939.67115402 85543.63894610 -1633.16299438 0.000000 
28 13 14 397566.67953255 86512.28107720 -1629.94067383 0.000000 
72 13 14 406311.88760185 86565.69370664 -1611.02435303 0.000000 
46 15 14 401098.32903481 86949.90929276 -1626.28414917 0.000000 
90 19 14 409920.92297459 87629.36230510 -1653.21154785 0.000000 
73 20 14 406554.97680187 88008.86289420 -1636.35565186 0.000000 
40 8 13 399939.67115402 85543.63894610 -1628.16299438 0.000000 
28 13 13 397566.67953255 86512.28107720 -1624.94067383 0.000000 
72 13 13 406311.88760185 86565.69370664 -1606.02435303 1.000000 
46 15 13 401098.32903481 86949.90929276 -1621.28414917 0.000000 
90 19 13 409920.92297459 87629.36230510 -1648.21154785 1.000000 
73 20 13 406554.97680187 88008.86289420 -1631.35565186 0.000000 
40 8 12 399939.67115402 85543.63894610 -1623.16299438 0.000000 
28 13 12 397566.67953255 86512.28107720 -1619.94067383 0.000000 
72 13 12 406311.88760185 86565.69370664 -1601.02435303 0.000000 
46 15 12 401098.32903481 86949.90929276 -1616.28414917 0.000000 
90 19 12 409920.92297459 87629.36230510 -1643.21154785 0.000000 
73 20 12 406554.97680187 88008.86289420 -1626.35565186 0.000000 
40 8 11 399939.67115402 85543.63894610 -1618.16299438 1.000000 
28 13 11 397566.67953255 86512.28107720 -1614.94067383 0.000000 
72 13 11 406311.88760185 86565.69370664 -1596.02435303 0.000000 
46 15 11 401098.32903481 86949.90929276 -1611.28414917 0.000000 
90 19 11 409920.92297459 87629.36230510 -1638.21154785 0.000000 
73 20 11 406554.97680187 88008.86289420 -1621.35565186 0.000000 
40 8 10 399939.67115402 85543.63894610 -1613.16299438 0.000000 
28 13 10 397566.67953255 86512.28107720 -1609.94067383 0.000000 
72 13 10 406311.88760185 86565.69370664 -1591.02435303 0.000000 
46 15 10 401098.32903481 86949.90929276 -1606.28414917 0.000000 
90 19 10 409920.92297459 87629.36230510 -1633.21154785 0.000000 
73 20 10 406554.97680187 88008.86289420 -1616.35565186 0.000000 
40 8 9 399939.67115402 85543.63894610 -1608.16299438 1.000000 
28 13 9 397566.67953255 86512.28107720 -1604.94067383 0.000000 
72 13 9 406311.88760185 86565.69370664 -1586.02435303 0.000000 
46 15 9 401098.32903481 86949.90929276 -1601.28414917 0.000000 
90 19 9 409920.92297459 87629.36230510 -1628.21154785 1.000000 
73 20 9 406554.97680187 88008.86289420 -1611.35565186 1.000000 
40 8 8 399939.67115402 85543.63894610 -1603.16299438 1.000000 
28 13 8 397566.67953255 86512.28107720 -1599.94067383 0.000000 
72 13 8 406311.88760185 86565.69370664 -1581.02435303 0.000000 
46 15 8 401098.32903481 86949.90929276 -1596.28414917 1.000000 
90 19 8 409920.92297459 87629.36230510 -1623.21154785 0.000000 
73 20 8 406554.97680187 88008.86289420 -1606.35565186 0.000000 
40 8 7 399939.67115402 85543.63894610 -1598.16299438 1.000000 
28 13 7 397566.67953255 86512.28107720 -1594.94067383 0.000000 
72 13 7 406311.88760185 86565.69370664 -1576.02435303 0.000000 
46 15 7 401098.32903481 86949.90929276 -1591.28414917 0.000000 
90 19 7 409920.92297459 87629.36230510 -1618.21154785 0.000000 
73 20 7 406554.97680187 88008.86289420 -1601.35565186 0.000000 
40 8 6 399939.67115402 85543.63894610 -1593.16299438 0.000000 
28 13 6 397566.67953255 86512.28107720 -1589.94067383 0.000000 
72 13 6 406311.88760185 86565.69370664 -1571.02435303 0.000000 
46 15 6 401098.32903481 86949.90929276 -1586.28414917 1.000000 
90 19 6 409920.92297459 87629.36230510 -1613.21154785 0.000000 
73 20 6 406554.97680187 88008.86289420 -1596.35565186 0.000000 
40 8 5 399939.67115402 85543.63894610 -1588.16299438 0.000000 
28 13 5 397566.67953255 86512.28107720 -1584.94067383 1.000000 
72 13 5 406311.88760185 86565.69370664 -1566.02435303 0.000000 
46 15 5 401098.32903481 86949.90929276 -1581.28414917 1.000000 
90 19 5 409920.92297459 87629.36230510 -1608.21154785 0.000000 
73 20 5 406554.97680187 88008.86289420 -1591.35565186 0.000000 
40 8 4 399939.67115402 85543.63894610 -1583.16299438 0.000000 
28 13 4 397566.67953255 86512.28107720 -1579.94067383 0.000000 
72 13 4 406311.88760185 86565.69370664 -1561.02435303 0.000000 
46 15 4 401098.32903481 86949.90929276 -1576.28414917 0.000000 
90 19 4 409920.92297459 87629.36230510 -1603.21154785 0.000000 
73 20 4 406554.97680187 88008.86289420 -1586.35565186 1.000000 
40 8 3 399939.67115402 85543.63894610 -1578.16299438 0.000000 
28 13 3 397566.67953255 86512.28107720 -1574.94067383 0.000000 
72 13 3 406311.88760185 86565.69370664 -1556.02435303 0.000000 
46 15 3 401098.32903481 86949.90929276 -1571.28414917 0.000000 
90 19 3 409920.92297459 87629.36230510 -1598.21154785 3.000000 
73 20 3 406554.97680187 88008.86289420 -1581.35565186 3.000000 
40 8 2 399939.67115402 85543.63894610 -1573.16299438 1.000000 
28 13 2 397566.67953255 86512.28107720 -1569.94067383 1.000000 
72 13 2 406311.88760185 86565.69370664 -1551.02435303 0.000000 
46 15 2 401098.32903481 86949.90929276 -1566.28414917 3.000000 
90 19 2 409920.92297459 87629.36230510 -1593.21154785 0.000000 
73 20 2 406554.97680187 88008.86289420 -1576.35565186 0.000000 
40 8 1 399939.67115402 85543.63894610 -1568.16299438 1.000000 
28 13 1 397566.67953255 86512.28107720 -1564.94067383 0.000000 
72 13 1 406311.88760185 86565.69370664 -1546.02435303 1.000000 
46 15 1 401098.32903481 86949.90929276 -1561.28414917 1.000000 
90 19 1 409920.92297459 87629.36230510 -1588.21154785 1.000000 
73 20 1 406554.97680187 88008.86289420 -1571.35565186 1.000000 
