PETREL: Properties
7
i_index unit1 scale1
j_index unit1 scale1
k_index unit1 scale1
x_coord unit1 scale1
y_coord unit1 scale1
z_coord unit1 scale1
Facies_2(0.7) unit1 scale1
40 8 36 399939.67115402 85543.63894610 -1744.73361206 3.000000 
40 8 35 399939.67115402 85543.63894610 -1741.76545715 0.000000 
40 8 34 399939.67115402 85543.63894610 -1736.85522461 1.000000 
28 13 34 397566.67953255 86512.28107720 -1733.96069336 0.000000 
40 8 33 399939.67115402 85543.63894610 -1731.85522461 0.000000 
28 13 33 397566.67953255 86512.28107720 -1730.01156616 3.000000 
40 8 32 399939.67115402 85543.63894610 -1726.85522461 0.000000 
28 13 32 397566.67953255 86512.28107720 -1725.01156616 0.000000 
40 8 31 399939.67115402 85543.63894610 -1721.85522461 0.000000 
28 13 31 397566.67953255 86512.28107720 -1720.01156616 0.000000 
73 20 31 406554.97680187 88008.86289420 -1724.86351013 0.000000 
40 8 30 399939.67115402 85543.63894610 -1716.85522461 0.000000 
28 13 30 397566.67953255 86512.28107720 -1715.01156616 0.000000 
46 15 30 401098.32903481 86949.90929276 -1712.13247681 3.000000 
73 20 30 406554.97680187 88008.86289420 -1721.02816772 0.000000 
40 8 29 399939.67115402 85543.63894610 -1711.85522461 0.000000 
28 13 29 397566.67953255 86512.28107720 -1710.01156616 0.000000 
72 13 29 406311.88760185 86565.69370664 -1689.65350342 0.000000 
46 15 29 401098.32903481 86949.90929276 -1709.40727234 1.000000 
90 19 29 409920.92297459 87629.36230510 -1736.74755859 3.000000 
73 20 29 406554.97680187 88008.86289420 -1716.02816772 0.000000 
40 8 28 399939.67115402 85543.63894610 -1706.85522461 0.000000 
28 13 28 397566.67953255 86512.28107720 -1705.01156616 0.000000 
72 13 28 406311.88760185 86565.69370664 -1685.09753418 0.000000 
46 15 28 401098.32903481 86949.90929276 -1704.54891968 1.000000 
90 19 28 409920.92297459 87629.36230510 -1732.50790405 1.000000 
73 20 28 406554.97680187 88008.86289420 -1711.02816772 0.000000 
40 8 27 399939.67115402 85543.63894610 -1701.85522461 0.000000 
28 13 27 397566.67953255 86512.28107720 -1700.01156616 0.000000 
72 13 27 406311.88760185 86565.69370664 -1680.09753418 0.000000 
46 15 27 401098.32903481 86949.90929276 -1699.54891968 1.000000 
90 19 27 409920.92297459 87629.36230510 -1727.50790405 0.000000 
73 20 27 406554.97680187 88008.86289420 -1706.02816772 0.000000 
40 8 26 399939.67115402 85543.63894610 -1696.85522461 0.000000 
28 13 26 397566.67953255 86512.28107720 -1695.01156616 0.000000 
72 13 26 406311.88760185 86565.69370664 -1675.09753418 3.000000 
46 15 26 401098.32903481 86949.90929276 -1694.54891968 1.000000 
90 19 26 409920.92297459 87629.36230510 -1722.50790405 0.000000 
73 20 26 406554.97680187 88008.86289420 -1701.02816772 0.000000 
40 8 25 399939.67115402 85543.63894610 -1691.85522461 0.000000 
28 13 25 397566.67953255 86512.28107720 -1690.01156616 0.000000 
72 13 25 406311.88760185 86565.69370664 -1670.09753418 0.000000 
46 15 25 401098.32903481 86949.90929276 -1689.54891968 0.000000 
90 19 25 409920.92297459 87629.36230510 -1717.50790405 0.000000 
73 20 25 406554.97680187 88008.86289420 -1696.02816772 0.000000 
40 8 24 399939.67115402 85543.63894610 -1686.85522461 0.000000 
28 13 24 397566.67953255 86512.28107720 -1685.01156616 0.000000 
72 13 24 406311.88760185 86565.69370664 -1665.09753418 0.000000 
46 15 24 401098.32903481 86949.90929276 -1684.54891968 0.000000 
90 19 24 409920.92297459 87629.36230510 -1712.50790405 0.000000 
73 20 24 406554.97680187 88008.86289420 -1691.02816772 0.000000 
40 8 23 399939.67115402 85543.63894610 -1681.85522461 0.000000 
28 13 23 397566.67953255 86512.28107720 -1680.01156616 1.000000 
72 13 23 406311.88760185 86565.69370664 -1660.09753418 0.000000 
46 15 23 401098.32903481 86949.90929276 -1679.54891968 0.000000 
90 19 23 409920.92297459 87629.36230510 -1707.50790405 0.000000 
73 20 23 406554.97680187 88008.86289420 -1686.02816772 0.000000 
40 8 22 399939.67115402 85543.63894610 -1676.85522461 0.000000 
28 13 22 397566.67953255 86512.28107720 -1675.01156616 0.000000 
72 13 22 406311.88760185 86565.69370664 -1655.09753418 0.000000 
46 15 22 401098.32903481 86949.90929276 -1674.54891968 1.000000 
90 19 22 409920.92297459 87629.36230510 -1702.50790405 0.000000 
73 20 22 406554.97680187 88008.86289420 -1681.02816772 1.000000 
40 8 21 399939.67115402 85543.63894610 -1671.85522461 0.000000 
28 13 21 397566.67953255 86512.28107720 -1670.01156616 0.000000 
72 13 21 406311.88760185 86565.69370664 -1650.09753418 3.000000 
46 15 21 401098.32903481 86949.90929276 -1669.54891968 3.000000 
90 19 21 409920.92297459 87629.36230510 -1697.50790405 3.000000 
73 20 21 406554.97680187 88008.86289420 -1676.02816772 1.000000 
40 8 20 399939.67115402 85543.63894610 -1666.85522461 0.000000 
28 13 20 397566.67953255 86512.28107720 -1665.01156616 0.000000 
72 13 20 406311.88760185 86565.69370664 -1645.09753418 0.000000 
46 15 20 401098.32903481 86949.90929276 -1664.54891968 0.000000 
90 19 20 409920.92297459 87629.36230510 -1692.50790405 0.000000 
73 20 20 406554.97680187 88008.86289420 -1671.02816772 0.000000 
40 8 19 399939.67115402 85543.63894610 -1661.85522461 0.000000 
28 13 19 397566.67953255 86512.28107720 -1660.01156616 0.000000 
72 13 19 406311.88760185 86565.69370664 -1640.09753418 0.000000 
46 15 19 401098.32903481 86949.90929276 -1659.54891968 1.000000 
90 19 19 409920.92297459 87629.36230510 -1687.50790405 0.000000 
73 20 19 406554.97680187 88008.86289420 -1666.02816772 0.000000 
40 8 18 399939.67115402 85543.63894610 -1656.85522461 0.000000 
28 13 18 397566.67953255 86512.28107720 -1655.01156616 0.000000 
72 13 18 406311.88760185 86565.69370664 -1635.09753418 1.000000 
46 15 18 401098.32903481 86949.90929276 -1654.54891968 0.000000 
90 19 18 409920.92297459 87629.36230510 -1682.50790405 1.000000 
73 20 18 406554.97680187 88008.86289420 -1661.02816772 0.000000 
40 8 17 399939.67115402 85543.63894610 -1651.85522461 0.000000 
28 13 17 397566.67953255 86512.28107720 -1650.01156616 0.000000 
72 13 17 406311.88760185 86565.69370664 -1630.09753418 0.000000 
46 15 17 401098.32903481 86949.90929276 -1649.54891968 0.000000 
90 19 17 409920.92297459 87629.36230510 -1677.50790405 1.000000 
73 20 17 406554.97680187 88008.86289420 -1656.02816772 0.000000 
40 8 16 399939.67115402 85543.63894610 -1646.85522461 0.000000 
28 13 16 397566.67953255 86512.28107720 -1645.01156616 0.000000 
72 13 16 406311.88760185 86565.69370664 -1625.09753418 1.000000 
46 15 16 401098.32903481 86949.90929276 -1644.54891968 0.000000 
90 19 16 409920.92297459 87629.36230510 -1672.50790405 0.000000 
73 20 16 406554.97680187 88008.86289420 -1651.02816772 0.000000 
40 8 15 399939.67115402 85543.63894610 -1641.85522461 0.000000 
28 13 15 397566.67953255 86512.28107720 -1640.01156616 0.000000 
72 13 15 406311.88760185 86565.69370664 -1620.09753418 0.000000 
46 15 15 401098.32903481 86949.90929276 -1639.54891968 0.000000 
90 19 15 409920.92297459 87629.36230510 -1667.50790405 0.000000 
73 20 15 406554.97680187 88008.86289420 -1646.02816772 0.000000 
40 8 14 399939.67115402 85543.63894610 -1636.85522461 0.000000 
28 13 14 397566.67953255 86512.28107720 -1635.01156616 0.000000 
72 13 14 406311.88760185 86565.69370664 -1615.09753418 0.000000 
46 15 14 401098.32903481 86949.90929276 -1634.54891968 0.000000 
90 19 14 409920.92297459 87629.36230510 -1662.50790405 0.000000 
73 20 14 406554.97680187 88008.86289420 -1641.02816772 0.000000 
40 8 13 399939.67115402 85543.63894610 -1631.85522461 0.000000 
28 13 13 397566.67953255 86512.28107720 -1630.01156616 0.000000 
72 13 13 406311.88760185 86565.69370664 -1610.09753418 0.000000 
46 15 13 401098.32903481 86949.90929276 -1629.54891968 1.000000 
90 19 13 409920.92297459 87629.36230510 -1657.50790405 0.000000 
73 20 13 406554.97680187 88008.86289420 -1636.02816772 0.000000 
40 8 12 399939.67115402 85543.63894610 -1626.85522461 0.000000 
28 13 12 397566.67953255 86512.28107720 -1625.01156616 0.000000 
72 13 12 406311.88760185 86565.69370664 -1605.09753418 0.000000 
46 15 12 401098.32903481 86949.90929276 -1624.54891968 0.000000 
90 19 12 409920.92297459 87629.36230510 -1652.50790405 0.000000 
73 20 12 406554.97680187 88008.86289420 -1631.02816772 0.000000 
40 8 11 399939.67115402 85543.63894610 -1621.85522461 0.000000 
28 13 11 397566.67953255 86512.28107720 -1620.01156616 0.000000 
72 13 11 406311.88760185 86565.69370664 -1600.09753418 0.000000 
46 15 11 401098.32903481 86949.90929276 -1619.54891968 0.000000 
90 19 11 409920.92297459 87629.36230510 -1647.50790405 0.000000 
73 20 11 406554.97680187 88008.86289420 -1626.02816772 0.000000 
40 8 10 399939.67115402 85543.63894610 -1616.85522461 0.000000 
28 13 10 397566.67953255 86512.28107720 -1615.01156616 0.000000 
72 13 10 406311.88760185 86565.69370664 -1595.09753418 0.000000 
46 15 10 401098.32903481 86949.90929276 -1614.54891968 0.000000 
90 19 10 409920.92297459 87629.36230510 -1642.50790405 0.000000 
73 20 10 406554.97680187 88008.86289420 -1621.02816772 0.000000 
40 8 9 399939.67115402 85543.63894610 -1611.85522461 1.000000 
28 13 9 397566.67953255 86512.28107720 -1610.01156616 0.000000 
72 13 9 406311.88760185 86565.69370664 -1590.09753418 0.000000 
46 15 9 401098.32903481 86949.90929276 -1609.54891968 0.000000 
90 19 9 409920.92297459 87629.36230510 -1637.50790405 0.000000 
73 20 9 406554.97680187 88008.86289420 -1616.02816772 0.000000 
40 8 8 399939.67115402 85543.63894610 -1606.85522461 1.000000 
28 13 8 397566.67953255 86512.28107720 -1605.01156616 0.000000 
72 13 8 406311.88760185 86565.69370664 -1585.09753418 0.000000 
46 15 8 401098.32903481 86949.90929276 -1604.54891968 0.000000 
90 19 8 409920.92297459 87629.36230510 -1632.50790405 0.000000 
73 20 8 406554.97680187 88008.86289420 -1611.02816772 1.000000 
40 8 7 399939.67115402 85543.63894610 -1601.85522461 1.000000 
28 13 7 397566.67953255 86512.28107720 -1600.01156616 0.000000 
72 13 7 406311.88760185 86565.69370664 -1580.09753418 0.000000 
46 15 7 401098.32903481 86949.90929276 -1599.54891968 0.000000 
90 19 7 409920.92297459 87629.36230510 -1627.50790405 1.000000 
73 20 7 406554.97680187 88008.86289420 -1606.02816772 0.000000 
40 8 6 399939.67115402 85543.63894610 -1596.85522461 0.000000 
28 13 6 397566.67953255 86512.28107720 -1595.01156616 0.000000 
72 13 6 406311.88760185 86565.69370664 -1575.09753418 0.000000 
46 15 6 401098.32903481 86949.90929276 -1594.54891968 0.000000 
90 19 6 409920.92297459 87629.36230510 -1622.50790405 0.000000 
73 20 6 406554.97680187 88008.86289420 -1601.02816772 0.000000 
40 8 5 399939.67115402 85543.63894610 -1591.85522461 0.000000 
28 13 5 397566.67953255 86512.28107720 -1590.01156616 0.000000 
72 13 5 406311.88760185 86565.69370664 -1570.09753418 0.000000 
46 15 5 401098.32903481 86949.90929276 -1589.54891968 1.000000 
90 19 5 409920.92297459 87629.36230510 -1617.50790405 0.000000 
73 20 5 406554.97680187 88008.86289420 -1596.02816772 0.000000 
40 8 4 399939.67115402 85543.63894610 -1586.85522461 0.000000 
28 13 4 397566.67953255 86512.28107720 -1585.01156616 1.000000 
72 13 4 406311.88760185 86565.69370664 -1565.09753418 0.000000 
46 15 4 401098.32903481 86949.90929276 -1584.54891968 0.000000 
90 19 4 409920.92297459 87629.36230510 -1612.50790405 0.000000 
73 20 4 406554.97680187 88008.86289420 -1591.02816772 0.000000 
40 8 3 399939.67115402 85543.63894610 -1581.85522461 0.000000 
28 13 3 397566.67953255 86512.28107720 -1580.01156616 0.000000 
72 13 3 406311.88760185 86565.69370664 -1560.09753418 0.000000 
46 15 3 401098.32903481 86949.90929276 -1579.54891968 0.000000 
90 19 3 409920.92297459 87629.36230510 -1607.50790405 0.000000 
73 20 3 406554.97680187 88008.86289420 -1586.02816772 1.000000 
40 8 2 399939.67115402 85543.63894610 -1576.85522461 1.000000 
28 13 2 397566.67953255 86512.28107720 -1575.01156616 0.000000 
72 13 2 406311.88760185 86565.69370664 -1555.09753418 0.000000 
46 15 2 401098.32903481 86949.90929276 -1574.54891968 0.000000 
90 19 2 409920.92297459 87629.36230510 -1602.50790405 0.000000 
73 20 2 406554.97680187 88008.86289420 -1581.02816772 3.000000 
40 8 1 399939.67115402 85543.63894610 -1571.85522461 1.000000 
28 13 1 397566.67953255 86512.28107720 -1570.01156616 1.000000 
72 13 1 406311.88760185 86565.69370664 -1550.09753418 0.000000 
46 15 1 401098.32903481 86949.90929276 -1569.54891968 3.000000 
90 19 1 409920.92297459 87629.36230510 -1597.50790405 3.000000 
73 20 1 406554.97680187 88008.86289420 -1576.02816772 0.000000 
