412777.994029 85122.604732 1875.529297
412777.994029 85122.604732 1616.345760
999.0 999.0 999.0
412024.951413 85167.955227 1892.527832
412024.951413 85167.955227 1596.112183
999.0 999.0 999.0
411271.658986 85094.285158 1884.069092
411271.658986 85094.285158 1524.673950
999.0 999.0 999.0
410554.171431 85223.614862 1887.118774
410554.171431 85223.614862 1507.087158
999.0 999.0 999.0
409848.976717 85185.832846 1920.571045
409848.976717 85185.832846 1505.153198
999.0 999.0 999.0
409142.799600 85145.001389 1969.530762
409142.799600 85145.001389 1505.186157
999.0 999.0 999.0
408438.191660 85202.720429 1980.760498
408438.191660 85202.720429 1505.867432
999.0 999.0 999.0
407730.116730 85223.701842 1976.666748
407730.116730 85223.701842 1515.397355
999.0 999.0 999.0
407022.713697 85271.638745 1977.088135
407022.713697 85271.638745 1526.389038
999.0 999.0 999.0
406315.366370 85295.406910 1980.594849
406315.366370 85295.406910 1522.713557
999.0 999.0 999.0
405607.658860 85270.912809 1967.027100
405607.658860 85270.912809 1511.847290
999.0 999.0 999.0
404899.860803 85238.297375 1959.782959
404899.860803 85238.297375 1492.093140
999.0 999.0 999.0
404194.710430 85174.544482 1974.752686
404194.710430 85174.544482 1489.701625
999.0 999.0 999.0
403490.217542 85098.956637 1995.464966
403490.217542 85098.956637 1504.963694
999.0 999.0 999.0
402783.414852 85056.430505 1958.201660
402783.414852 85056.430505 1513.090866
999.0 999.0 999.0
402079.393354 84989.725632 1922.204346
402079.393354 84989.725632 1501.113403
999.0 999.0 999.0
401375.391153 84918.914889 1931.583252
401375.391153 84918.914889 1502.452515
999.0 999.0 999.0
400678.451872 84796.213238 1931.716309
400678.451872 84796.213238 1513.879883
999.0 999.0 999.0
399984.960222 84661.338745 1926.367554
399984.960222 84661.338745 1517.784546
999.0 999.0 999.0
399277.082510 84671.227918 1902.569946
399277.082510 84671.227918 1525.715210
999.0 999.0 999.0
398575.319372 84765.716066 1867.367310
398575.319372 84765.716066 1515.785278
999.0 999.0 999.0
397874.648281 84778.027960 1878.684082
397874.648281 84778.027960 1522.011108
999.0 999.0 999.0
397202.599959 84552.830776 1898.049072
397202.599959 84552.830776 1541.736997
999.0 999.0 999.0
396509.998839 84407.041114 1881.047241
396509.998839 84407.041114 1575.141573
999.0 999.0 999.0
395819.128642 84250.653555 1858.619507
395819.128642 84250.653555 1614.057316
999.0 999.0 999.0
395680.593893 84220.720479 1857.223602
395680.593893 84220.720479 1623.033549
