408428.666556 87642.537199 1744.646118
408428.666556 87642.537199 1544.511568
999.0 999.0 999.0
407953.891453 87662.197581 1749.166504
407953.891453 87662.197581 1521.414551
999.0 999.0 999.0
407287.058190 87673.708770 1736.562378
407287.058190 87673.708770 1501.191406
999.0 999.0 999.0
406937.442092 87446.067512 1721.263550
406937.442092 87446.067512 1497.770766
999.0 999.0 999.0
406379.854039 87382.133908 1704.307251
406379.854039 87382.133908 1490.156982
999.0 999.0 999.0
405824.979439 87320.383304 1705.415405
405824.979439 87320.383304 1483.482544
999.0 999.0 999.0
405269.843211 87254.657886 1713.907959
405269.843211 87254.657886 1473.272217
999.0 999.0 999.0
404712.894026 87175.748135 1725.880981
404712.894026 87175.748135 1481.748169
999.0 999.0 999.0
404165.481613 87330.865299 1734.758667
404165.481613 87330.865299 1482.822752
999.0 999.0 999.0
403605.028125 87244.946583 1727.967773
403605.028125 87244.946583 1479.862549
999.0 999.0 999.0
402911.822341 87278.684802 1719.191528
402911.822341 87278.684802 1486.992188
999.0 999.0 999.0
402220.227464 87279.815614 1713.991821
402220.227464 87279.815614 1497.299206
999.0 999.0 999.0
401777.961034 87272.994095 1723.508545
401777.961034 87272.994095 1516.459478
999.0 999.0 999.0
401391.433012 87241.963106 1724.597046
401391.433012 87241.963106 1517.189820
