404214.794448 88286.188735 1747.710571
404214.794448 88286.188735 1517.302123
999.0 999.0 999.0
403659.674142 88247.023125 1766.709351
403659.674142 88247.023125 1530.473999
999.0 999.0 999.0
403102.904828 88191.133657 1761.710693
403102.904828 88191.133657 1508.832031
999.0 999.0 999.0
402703.869361 88499.700400 1796.918701
402703.869361 88499.700400 1516.854230
999.0 999.0 999.0
402014.470431 88574.434572 1808.469971
402014.470431 88574.434572 1523.998283
999.0 999.0 999.0
401584.705983 88320.456857 1788.120361
401584.705983 88320.456857 1524.890259
999.0 999.0 999.0
401021.774292 88202.585039 1810.264404
401021.774292 88202.585039 1527.888949
999.0 999.0 999.0
400587.217712 87922.407541 1801.630859
400587.217712 87922.407541 1538.223511
999.0 999.0 999.0
399888.629659 87928.397911 1811.978027
399888.629659 87928.397911 1538.483428
999.0 999.0 999.0
399189.905362 87861.529955 1820.510620
399189.905362 87861.529955 1538.850000
999.0 999.0 999.0
398634.637048 87929.890090 1807.193481
398634.637048 87929.890090 1562.056507
999.0 999.0 999.0
398220.577290 88002.536409 1803.201050
398220.577290 88002.536409 1580.375956
