421722.356111 87157.339602 1941.922241
421722.356111 87157.339602 1706.444951
999.0 999.0 999.0
421293.746534 86828.905376 1964.499268
421293.746534 86828.905376 1697.457586
999.0 999.0 999.0
420958.118414 86561.842464 1963.035400
420958.118414 86561.842464 1678.219360
999.0 999.0 999.0
420246.879225 86563.430557 1965.047729
420246.879225 86563.430557 1645.991943
999.0 999.0 999.0
419688.213845 86681.284665 1972.492188
419688.213845 86681.284665 1626.963135
999.0 999.0 999.0
418977.118288 86673.352378 1983.092163
418977.118288 86673.352378 1597.801231
999.0 999.0 999.0
418423.084586 86770.819496 1991.821533
418423.084586 86770.819496 1583.831928
999.0 999.0 999.0
417980.730282 86748.446577 1995.771973
417980.730282 86748.446577 1583.033688
999.0 999.0 999.0
417284.688988 86715.904800 1988.900635
417284.688988 86715.904800 1571.663818
999.0 999.0 999.0
416593.298819 86699.429149 1962.392090
416593.298819 86699.429149 1555.132318
999.0 999.0 999.0
416038.827490 86634.952638 1928.963745
416038.827490 86634.952638 1542.737915
999.0 999.0 999.0
415351.960438 86694.670965 1881.182495
415351.960438 86694.670965 1528.233765
999.0 999.0 999.0
414936.837087 86579.643380 1854.940063
414936.837087 86579.643380 1530.597534
999.0 999.0 999.0
414522.979369 86473.261693 1844.375366
414522.979369 86473.261693 1543.905151
999.0 999.0 999.0
413977.542911 86484.338241 1828.445313
413977.542911 86484.338241 1549.599731
999.0 999.0 999.0
413572.125248 86386.682752 1828.994629
413572.125248 86386.682752 1560.448242
999.0 999.0 999.0
413171.707231 86283.286160 1838.425659
413171.707231 86283.286160 1583.045532
999.0 999.0 999.0
412635.673200 86276.047447 1845.195801
412635.673200 86276.047447 1598.990940
999.0 999.0 999.0
412089.250357 86259.077349 1841.003296
412089.250357 86259.077349 1609.715181
999.0 999.0 999.0
411533.609226 86228.528063 1828.879883
411533.609226 86228.528063 1616.960622
