412787.004717 87084.528592 1774.868021
412787.662178 87085.896316 1581.369591
999.0 999.0 999.0
412074.082421 87167.419074 1786.962714
412074.570767 87168.452869 1576.027088
999.0 999.0 999.0
411298.816629 87332.458501 1799.089568
411299.135861 87333.158366 1570.716746
999.0 999.0 999.0
410699.098033 87266.873606 1811.049712
410699.248151 87267.239542 1565.239696
999.0 999.0 999.0
410008.050839 87315.031321 1815.721125
410008.050339 87315.099852 1551.556102
999.0 999.0 999.0
409281.380175 87333.714985 1805.288824
409281.343181 87333.711456 1536.192943
999.0 999.0 999.0
408748.287998 87556.618463 1748.269238
408748.702316 87557.506085 1528.508377
999.0 999.0 999.0
408479.291556 87611.482511 1744.646118
408479.291556 87611.482511 1544.511568
999.0 999.0 999.0
407953.891453 87662.197581 1749.166504
407953.891453 87662.197581 1521.414551
999.0 999.0 999.0
407287.058190 87673.708770 1736.562378
407287.058190 87673.708770 1501.191406
999.0 999.0 999.0
406937.442092 87446.067512 1721.263550
406937.442092 87446.067512 1497.770766
999.0 999.0 999.0
406379.854039 87382.133908 1704.307251
406379.854039 87382.133908 1490.156982
999.0 999.0 999.0
405824.979439 87320.383304 1705.415405
405824.979439 87320.383304 1483.482544
999.0 999.0 999.0
405269.843211 87254.657886 1713.907959
405269.843211 87254.657886 1473.272217
999.0 999.0 999.0
404712.894026 87175.748135 1725.880981
404712.894026 87175.748135 1481.748169
999.0 999.0 999.0
404165.481613 87330.865299 1734.758667
404165.481613 87330.865299 1482.822752
999.0 999.0 999.0
403605.028125 87244.946583 1727.967773
403605.028125 87244.946583 1479.862549
999.0 999.0 999.0
402911.822341 87278.684802 1719.191528
402911.822341 87278.684802 1486.992188
999.0 999.0 999.0
402220.227464 87279.815614 1713.991821
402220.227464 87279.815614 1497.299206
999.0 999.0 999.0
401772.570409 87339.790970 1723.508545
401772.570409 87339.790970 1516.459478
999.0 999.0 999.0
401394.714262 87234.580294 1724.573608
401394.714262 87234.580294 1517.166383
999.0 999.0 999.0
401004.904991 87210.932117 1725.685547
401004.904991 87210.932117 1517.920162
999.0 999.0 999.0
400631.970719 87246.463628 1726.809204
400631.970719 87246.463628 1518.685660
999.0 999.0 999.0
400234.427072 87142.073264 1727.850830
400234.427072 87142.073264 1519.369126
999.0 999.0 999.0
399845.320926 87117.839150 1728.951050
399845.320926 87117.839150 1520.111186
999.0 999.0 999.0
399433.480404 87187.823786 1730.227051
399433.480404 87187.823786 1521.029028
