421727.043611 87154.995852 1941.922241
421727.043611 87154.995852 1588.870732
999.0 999.0 999.0
421298.434034 86826.561626 1964.499268
421298.434034 86826.561626 1579.883367
999.0 999.0 999.0
420962.805914 86559.498714 1963.035400
420962.805914 86559.498714 1560.645142
999.0 999.0 999.0
420251.566725 86561.086807 1965.047729
420251.566725 86561.086807 1528.417725
999.0 999.0 999.0
419692.901345 86678.940915 1972.492188
419692.901345 86678.940915 1509.388916
999.0 999.0 999.0
418981.805788 86671.008628 1983.092163
418981.805788 86671.008628 1480.227012
999.0 999.0 999.0
418427.772086 86768.475746 1991.821533
418427.772086 86768.475746 1466.257710
999.0 999.0 999.0
417985.417782 86746.102827 1995.771973
417985.417782 86746.102827 1465.459470
999.0 999.0 999.0
417289.376488 86713.561050 1988.900635
417289.376488 86713.561050 1454.089600
999.0 999.0 999.0
416597.986319 86697.085399 1962.392090
416597.986319 86697.085399 1437.558099
999.0 999.0 999.0
416043.514990 86632.608888 1928.963745
416043.514990 86632.608888 1425.163696
999.0 999.0 999.0
415356.647938 86692.327215 1881.182495
415356.647938 86692.327215 1410.659546
999.0 999.0 999.0
414941.524587 86577.299630 1854.940063
414941.524587 86577.299630 1413.023315
999.0 999.0 999.0
414527.666869 86470.917943 1844.375366
414527.666869 86470.917943 1426.330933
999.0 999.0 999.0
413982.230411 86481.994491 1828.445313
413982.230411 86481.994491 1432.025513
999.0 999.0 999.0
413576.812748 86384.339002 1828.994629
413576.812748 86384.339002 1442.874023
999.0 999.0 999.0
413176.394731 86280.942410 1838.425659
413176.394731 86280.942410 1465.471313
999.0 999.0 999.0
412640.360700 86273.703697 1845.195801
412640.360700 86273.703697 1481.416721
999.0 999.0 999.0
412094.172232 86082.241411 1841.003296
412094.172232 86082.241411 1492.140962
999.0 999.0 999.0
411512.281101 86026.145251 1828.926758
411512.281101 86026.145251 1499.433279
999.0 999.0 999.0
410973.749344 85994.775653 1816.815063
410973.749344 85994.775653 1506.690439
999.0 999.0 999.0
410435.686337 86062.312306 1804.480713
410435.686337 86062.312306 1513.724943
999.0 999.0 999.0
409914.498331 86297.427083 1792.451050
409914.498331 86297.427083 1521.064134
999.0 999.0 999.0
409521.044699 86414.065298 1780.386230
409521.044699 86414.065298 1528.368169
999.0 999.0 999.0
409142.591067 86709.883201 1768.145630
409142.591067 86709.883201 1535.496423
999.0 999.0 999.0
408573.590561 87016.951103 1756.584717
408573.590561 87016.951103 1543.304365
