393408.400706 85965.896757 1829.651978
393408.400706 85965.896757 1649.480851
999.0 999.0 999.0
393853.994748 86101.867101 1829.026978
393853.994748 86101.867101 1643.499348
999.0 999.0 999.0
394440.219549 86123.387332 1837.408081
394440.219549 86123.387332 1614.751917
999.0 999.0 999.0
395023.199532 86230.866060 1828.600342
395023.199532 86230.866060 1587.830985
999.0 999.0 999.0
395741.049189 86258.182831 1786.048096
395741.049189 86258.182831 1567.343499
999.0 999.0 999.0
396453.651112 86328.167133 1752.956665
396453.651112 86328.167133 1551.595884
999.0 999.0 999.0
397161.664143 86406.693201 1755.528320
397161.664143 86406.693201 1528.964966
999.0 999.0 999.0
397865.227719 86482.156789 1791.991821
397865.227719 86482.156789 1528.220703
999.0 999.0 999.0
398414.465969 86385.793690 1814.362427
398414.465969 86385.793690 1527.574587
999.0 999.0 999.0
399109.877575 86457.093871 1799.725830
399109.877575 86457.093871 1532.203835
999.0 999.0 999.0
399805.355643 86511.962615 1768.414063
399805.355643 86511.962615 1518.018311
999.0 999.0 999.0
400502.774998 86531.092229 1741.401489
400502.774998 86531.092229 1496.088135
999.0 999.0 999.0
401200.901704 86533.199499 1746.248901
401200.901704 86533.199499 1491.324999
999.0 999.0 999.0
401751.620213 86408.507838 1747.457642
401751.620213 86408.507838 1484.053833
999.0 999.0 999.0
402446.626966 86445.021187 1720.365601
402446.626966 86445.021187 1468.658325
999.0 999.0 999.0
403011.687478 86598.574346 1695.302612
403011.687478 86598.574346 1471.746460
999.0 999.0 999.0
403709.082920 86594.790385 1686.599731
403709.082920 86594.790385 1477.952271
999.0 999.0 999.0
404260.352836 86459.550026 1689.383179
404260.352836 86459.550026 1469.103516
999.0 999.0 999.0
404810.679666 86332.148075 1700.132690
404810.679666 86332.148075 1472.076904
999.0 999.0 999.0
405359.566352 86206.857730 1713.367554
405359.566352 86206.857730 1485.670829
999.0 999.0 999.0
406053.951781 86189.804333 1733.674438
406053.951781 86189.804333 1498.102417
999.0 999.0 999.0
406751.426479 86158.305299 1738.668335
406751.426479 86158.305299 1502.195435
999.0 999.0 999.0
407455.856798 86118.972876 1731.696289
407455.856798 86118.972876 1516.380249
999.0 999.0 999.0
408021.871207 85976.707876 1730.988037
408021.871207 85976.707876 1527.250732
999.0 999.0 999.0
408590.060057 85832.558045 1738.468750
408590.060057 85832.558045 1531.477406
999.0 999.0 999.0
409158.862616 85699.779074 1751.465088
409158.862616 85699.779074 1537.193604
999.0 999.0 999.0
409725.524681 85577.978232 1764.671265
409725.524681 85577.978232 1547.462891
999.0 999.0 999.0
410288.208203 85471.464725 1798.162744
410288.208203 85471.464725 1568.551514
999.0 999.0 999.0
410692.928942 85269.414069 1821.945475
410692.928942 85269.414069 1567.935669
999.0 999.0 999.0
411271.658986 85094.285158 1884.069092
411271.658986 85094.285158 1524.673950
