414237.580429 85770.152615 1831.706014
414237.580429 85770.152615 1588.154094
999.0 999.0 999.0
414792.160152 85724.765730 1854.406494
414792.160152 85724.765730 1566.829834
999.0 999.0 999.0
415194.282751 85440.288452 1884.788086
415194.282751 85440.288452 1589.925664
999.0 999.0 999.0
415874.350428 85304.451191 1889.881836
415874.350428 85304.451191 1592.632324
999.0 999.0 999.0
416420.681001 85310.878015 1896.360352
416420.681001 85310.878015 1572.057251
999.0 999.0 999.0
416964.910964 85268.268361 1900.796265
416964.910964 85268.268361 1587.123657
999.0 999.0 999.0
417363.539442 85088.872790 1893.250488
417363.539442 85088.872790 1621.588745
999.0 999.0 999.0
417899.177746 84929.498616 1885.766479
417899.177746 84929.498616 1630.084775
999.0 999.0 999.0
418576.980009 84883.609541 1884.265259
418576.980009 84883.609541 1637.863335
999.0 999.0 999.0
419111.784437 84743.258992 1893.163574
419111.784437 84743.258992 1647.852043
999.0 999.0 999.0
419509.847580 84612.063136 1886.682129
419509.847580 84612.063136 1651.451607
