415804.671879 87523.984846 1910.010620
415804.671879 87523.984846 1685.189206
999.0 999.0 999.0
415103.293736 87618.092142 1934.774902
415103.293736 87618.092142 1641.749466
999.0 999.0 999.0
414405.499879 87734.894813 1910.182617
414405.499879 87734.894813 1591.646973
999.0 999.0 999.0
413703.730915 87826.552189 1896.454224
413703.730915 87826.552189 1558.970703
999.0 999.0 999.0
413005.456324 87941.228699 1898.046631
413005.456324 87941.228699 1548.928833
999.0 999.0 999.0
412311.045220 88078.546214 1888.415649
412311.045220 88078.546214 1542.111084
999.0 999.0 999.0
411621.698880 88236.584362 1891.376587
411621.698880 88236.584362 1550.592651
999.0 999.0 999.0
410937.376867 88417.702049 1881.039917
410937.376867 88417.702049 1567.375610
999.0 999.0 999.0
410251.285372 88588.050526 1845.952393
410251.285372 88588.050526 1573.449777
999.0 999.0 999.0
409565.643301 88761.181262 1824.871094
409565.643301 88761.181262 1585.473755
999.0 999.0 999.0
408869.356091 88884.357460 1826.574951
408869.356091 88884.357460 1561.348798
999.0 999.0 999.0
408162.323546 88905.193422 1800.037354
408162.323546 88905.193422 1535.702393
999.0 999.0 999.0
407458.068947 88854.325364 1801.486572
407458.068947 88854.325364 1526.058594
999.0 999.0 999.0
406756.674809 88922.168466 1797.091431
406756.674809 88922.168466 1516.757108
999.0 999.0 999.0
406086.423696 89144.120926 1784.591675
406086.423696 89144.120926 1531.688477
999.0 999.0 999.0
405404.903409 89325.113299 1772.310425
405404.903409 89325.113299 1544.174591
999.0 999.0 999.0
404703.374117 89420.483079 1770.799194
404703.374117 89420.483079 1559.144168
999.0 999.0 999.0
404024.856876 89613.676647 1771.100220
404024.856876 89613.676647 1562.021973
999.0 999.0 999.0
403346.538727 89814.289145 1771.086914
403346.538727 89814.289145 1559.762275
999.0 999.0 999.0
402645.884378 89904.250279 1771.875370
402645.884378 89904.250279 1565.059937
999.0 999.0 999.0
401939.334709 89932.019688 1767.501831
401939.334709 89932.019688 1559.118530
999.0 999.0 999.0
401245.793775 90060.654602 1771.784790
401245.793775 90060.654602 1565.663404
999.0 999.0 999.0
400561.772901 90240.651024 1773.984652
400561.772901 90240.651024 1561.210083
999.0 999.0 999.0
400144.002715 90316.097979 1769.188884
400144.002715 90316.097979 1549.705461
