401135.082520 85856.771484 1733.245020
401135.082520 85856.771484 1421.121484
999.0 999.0 999.0
400133.316895 85789.488770 1732.571191
400133.316895 85789.488770 1419.655371
999.0 999.0 999.0
399191.357910 85707.254883 1764.830176
399191.357910 85707.254883 1455.898828
999.0 999.0 999.0
398307.471680 85580.229980 1762.336816
398307.471680 85580.229980 1461.477441
999.0 999.0 999.0
397009.956543 85527.585449 1778.833105
397009.956543 85527.585449 1473.495703
999.0 999.0 999.0
395543.136230 85116.661621 1834.191602
395543.136230 85116.661621 1501.957227
