402446.626966 86445.021187 1720.365601
402446.626966 86445.021187 1468.658325
999.0 999.0 999.0
402361.895020 86324.921875 1838.781250
402361.895020 86324.921875 1538.781250
999.0 999.0 999.0
402097.440918 86126.581055 1865.528320
402097.440918 86126.581055 1565.528320
999.0 999.0 999.0
401518.948730 85911.712891 1874.039551
401518.948730 85911.712891 1574.039551
999.0 999.0 999.0
401135.082520 85856.771484 1733.245020
401135.082520 85856.771484 1421.121484
999.0 999.0 999.0
400133.316895 85789.488770 1732.571191
400133.316895 85789.488770 1419.655371
999.0 999.0 999.0
399191.357910 85707.254883 1764.830176
399191.357910 85707.254883 1455.898828
999.0 999.0 999.0
398301.729492 85632.495605 1762.336816
398301.729492 85632.495605 1461.477441
999.0 999.0 999.0
396963.550293 85423.171387 1778.833105
396963.550293 85423.171387 1473.390234
999.0 999.0 999.0
395543.136230 85116.661621 1834.191602
395543.136230 85116.661621 1501.957227
