398121.470425 89316.343270 1788.259529
398121.470425 89316.343270 1606.723570
999.0 999.0 999.0
397564.746610 89354.126199 1782.434448
397564.746610 89354.126199 1582.498908
999.0 999.0 999.0
397003.960427 89404.743134 1788.443726
397003.960427 89404.743134 1576.906890
999.0 999.0 999.0
396445.411770 89470.638810 1789.887817
396445.411770 89470.638810 1572.936075
999.0 999.0 999.0
395739.699479 89421.073038 1785.320190
395739.699479 89421.073038 1570.476657
999.0 999.0 999.0
395309.525694 89404.157511 1789.938599
395309.525694 89404.157511 1570.829761
999.0 999.0 999.0
394737.972436 89265.567707 1773.353027
394737.972436 89265.567707 1565.117603
999.0 999.0 999.0
394166.150149 89150.897469 1773.601929
394166.150149 89150.897469 1568.242390
999.0 999.0 999.0
393595.479720 89068.140738 1775.724243
393595.479720 89068.140738 1582.112786
999.0 999.0 999.0
393166.341059 88990.651549 1770.092529
393166.341059 88990.651549 1594.331236
