403011.687478 86598.574346 1695.302612
403011.687478 86598.574346 1471.746460
999.0 999.0 999.0
402998.937988 86434.974609 1835.005859
402998.937988 86434.974609 1535.005859
999.0 999.0 999.0
402678.854004 86028.712891 1860.911133
402678.854004 86028.712891 1560.911133
999.0 999.0 999.0
402641.613770 85635.324219 1873.486328
402641.613770 85635.324219 1573.416016
999.0 999.0 999.0
402087.928223 85105.390625 1894.874023
402087.928223 85105.390625 1594.874023
999.0 999.0 999.0
402079.393354 84989.725632 1922.204346
402079.393354 84989.725632 1501.113403
