393408.400706 85965.896757 1829.651978
393408.400706 85965.896757 1649.480851
999.0 999.0 999.0
393631.197727 86033.881929 1829.339478
393631.197727 86033.881929 1646.490100
999.0 999.0 999.0
393853.994748 86101.867101 1829.026978
393853.994748 86101.867101 1643.499348
999.0 999.0 999.0
394147.107149 86112.627217 1833.217529
394147.107149 86112.627217 1629.125633
999.0 999.0 999.0
394440.219549 86123.387332 1837.408081
394440.219549 86123.387332 1614.751917
999.0 999.0 999.0
394731.709541 86177.126696 1833.004211
394731.709541 86177.126696 1601.291451
999.0 999.0 999.0
395023.199532 86230.866060 1828.600342
395023.199532 86230.866060 1587.830985
999.0 999.0 999.0
395382.124361 86244.524446 1807.324219
395382.124361 86244.524446 1577.587242
999.0 999.0 999.0
395741.049189 86258.182831 1786.048096
395741.049189 86258.182831 1567.343499
999.0 999.0 999.0
396097.350151 86293.174982 1769.502380
396097.350151 86293.174982 1559.469691
999.0 999.0 999.0
396453.651112 86328.167133 1752.956665
396453.651112 86328.167133 1551.595884
999.0 999.0 999.0
396807.657627 86367.430167 1754.242493
396807.657627 86367.430167 1540.280425
999.0 999.0 999.0
397161.664143 86406.693201 1755.528320
397161.664143 86406.693201 1528.964966
999.0 999.0 999.0
397513.445931 86444.424995 1773.760071
397513.445931 86444.424995 1528.592834
999.0 999.0 999.0
397865.227719 86482.156789 1791.991821
397865.227719 86482.156789 1528.220703
999.0 999.0 999.0
398139.846844 86433.975239 1803.177124
398139.846844 86433.975239 1527.897645
999.0 999.0 999.0
398414.465969 86385.793690 1814.362427
398414.465969 86385.793690 1527.574587
999.0 999.0 999.0
398762.171772 86421.443781 1807.044128
398762.171772 86421.443781 1529.889211
999.0 999.0 999.0
399109.877575 86457.093871 1799.725830
399109.877575 86457.093871 1532.203835
999.0 999.0 999.0
399457.616609 86484.528243 1784.069946
399457.616609 86484.528243 1525.111073
999.0 999.0 999.0
399805.355643 86511.962615 1768.414063
399805.355643 86511.962615 1518.018311
999.0 999.0 999.0
400154.065320 86521.527422 1754.907776
400154.065320 86521.527422 1507.053223
999.0 999.0 999.0
400502.774998 86531.092229 1741.401489
400502.774998 86531.092229 1496.088135
999.0 999.0 999.0
400851.838351 86532.145864 1743.825195
400851.838351 86532.145864 1493.706567
999.0 999.0 999.0
401200.901704 86533.199499 1746.248901
401200.901704 86533.199499 1491.324999
999.0 999.0 999.0
401476.260959 86470.853668 1746.853271
401476.260959 86470.853668 1487.689416
999.0 999.0 999.0
401751.620213 86408.507838 1747.457642
401751.620213 86408.507838 1484.053833
999.0 999.0 999.0
402099.123590 86426.764512 1733.911621
402099.123590 86426.764512 1476.356079
999.0 999.0 999.0
402446.626966 86445.021187 1720.365601
402446.626966 86445.021187 1468.658325
999.0 999.0 999.0
402549.450191 86482.745032 1707.834106
402549.450191 86482.745032 1470.214111
999.0 999.0 999.0
403011.687478 86598.574346 1695.302612
403011.687478 86598.574346 1471.746460
999.0 999.0 999.0
403360.385199 86596.682365 1690.951172
403360.385199 86596.682365 1474.849365
999.0 999.0 999.0
403709.082920 86594.790385 1686.599731
403709.082920 86594.790385 1477.952271
999.0 999.0 999.0
403984.717878 86527.170205 1687.991455
403984.717878 86527.170205 1473.527893
999.0 999.0 999.0
404260.352836 86459.550026 1689.383179
404260.352836 86459.550026 1469.103516
999.0 999.0 999.0
404535.516251 86395.849050 1694.757935
404535.516251 86395.849050 1470.590210
999.0 999.0 999.0
404810.679666 86332.148075 1700.132690
404810.679666 86332.148075 1472.076904
999.0 999.0 999.0
405085.123009 86269.502903 1706.750122
405085.123009 86269.502903 1478.873866
999.0 999.0 999.0
405359.566352 86206.857730 1713.367554
405359.566352 86206.857730 1485.670829
999.0 999.0 999.0
405706.759067 86198.331032 1723.520996
405706.759067 86198.331032 1491.886623
999.0 999.0 999.0
406053.951781 86189.804333 1733.674438
406053.951781 86189.804333 1498.102417
999.0 999.0 999.0
406402.689130 86174.054816 1736.171387
406402.689130 86174.054816 1500.148926
999.0 999.0 999.0
406751.426479 86158.305299 1738.668335
406751.426479 86158.305299 1502.195435
999.0 999.0 999.0
407103.641638 86138.639088 1735.182312
407103.641638 86138.639088 1509.287842
999.0 999.0 999.0
407455.856798 86118.972876 1731.696289
407455.856798 86118.972876 1516.380249
999.0 999.0 999.0
407738.864002 86047.840376 1731.342163
407738.864002 86047.840376 1521.815491
999.0 999.0 999.0
408021.871207 85976.707876 1730.988037
408021.871207 85976.707876 1527.250732
999.0 999.0 999.0
408305.965632 85904.632961 1734.728394
408305.965632 85904.632961 1529.364069
999.0 999.0 999.0
408590.060057 85832.558045 1738.468750
408590.060057 85832.558045 1531.477406
999.0 999.0 999.0
408874.461336 85766.168560 1744.966919
408874.461336 85766.168560 1534.335505
999.0 999.0 999.0
409158.862616 85699.779074 1751.465088
409158.862616 85699.779074 1537.193604
999.0 999.0 999.0
409442.193649 85638.878653 1758.068176
409442.193649 85638.878653 1542.328247
999.0 999.0 999.0
409725.524681 85577.978232 1764.671265
409725.524681 85577.978232 1547.462891
999.0 999.0 999.0
410006.866442 85524.721479 1781.417004
410006.866442 85524.721479 1558.007202
999.0 999.0 999.0
410288.208203 85471.464725 1798.162744
410288.208203 85471.464725 1568.551514
999.0 999.0 999.0
410490.568572 85370.439397 1810.054109
410490.568572 85370.439397 1568.243591
999.0 999.0 999.0
410692.928942 85269.414069 1821.945475
410692.928942 85269.414069 1567.935669
999.0 999.0 999.0
410982.293964 85181.849614 1853.007283
410982.293964 85181.849614 1546.304810
999.0 999.0 999.0
411271.658986 85094.285158 1884.069092
411271.658986 85094.285158 1524.673950
