398943.624090 88680.272399 1820.925171
398943.624090 88680.272399 1616.896110
999.0 999.0 999.0
398383.843950 88651.121373 1822.957886
398383.843950 88651.121373 1616.543222
999.0 999.0 999.0
397822.952480 88704.529333 1825.724487
397822.952480 88704.529333 1606.618527
999.0 999.0 999.0
397116.556924 88618.051593 1825.280396
397116.556924 88618.051593 1597.068080
999.0 999.0 999.0
396544.282133 88413.007902 1820.152832
396544.282133 88413.007902 1584.906601
999.0 999.0 999.0
395832.409177 88344.158371 1823.194824
395832.409177 88344.158371 1574.480275
999.0 999.0 999.0
395118.723473 88308.921982 1812.464478
395118.723473 88308.921982 1557.126016
999.0 999.0 999.0
394675.601815 88025.719045 1790.708862
394675.601815 88025.719045 1539.742398
999.0 999.0 999.0
394097.889406 87902.465853 1768.762939
394097.889406 87902.465853 1524.723999
999.0 999.0 999.0
393654.514363 87654.679912 1752.605957
393654.514363 87654.679912 1533.894897
999.0 999.0 999.0
393212.685200 87430.794707 1755.855957
393212.685200 87430.794707 1549.141508
999.0 999.0 999.0
392639.399676 87407.760893 1731.363403
392639.399676 87407.760893 1539.452173
999.0 999.0 999.0
392489.975217 87307.772977 1758.567627
392489.975217 87307.772977 1552.602421
