399189.905362 87861.529955 1820.510620
399189.905362 87861.529955 1538.850000
999.0 999.0 999.0
399025.709473 87719.064697 1800.000195
399025.709473 87719.064697 1800.000195
999.0 999.0 999.0
398814.470215 87496.090088 1800.000195
398814.470215 87496.090088 1800.000195
999.0 999.0 999.0
398673.643066 87190.966553 1800.000195
398673.643066 87190.966553 1800.000195
999.0 999.0 999.0
398603.230957 86850.636475 1800.000195
398603.230957 86850.636475 1800.000195
999.0 999.0 999.0
398497.611816 86604.190430 1800.000195
398497.611816 86604.190430 1800.000195
999.0 999.0 999.0
398414.465969 86385.793690 1814.362427
398414.465969 86385.793690 1527.574587
