396097.350151 86293.174982 1769.502380
396097.350151 86293.174982 1559.469691
999.0 999.0 999.0
396112.276367 86449.149536 1800.000000
396112.276367 86449.149536 1800.000000
999.0 999.0 999.0
396153.416504 87066.253784 1800.000000
396153.416504 87066.253784 1800.000000
999.0 999.0 999.0
396136.960449 87675.130249 1800.000000
396136.960449 87675.130249 1800.000000
999.0 999.0 999.0
396219.240723 88037.164673 1800.000000
396219.240723 88037.164673 1800.000000
999.0 999.0 999.0
396544.282133 88413.007902 1820.152832
396544.282133 88413.007902 1584.906601
